cycle_index,discharge_capacity,charge_capacity,voltage,temperature,internal_resistance,current,step_type,cycle_life
9,0.9987376589029641,1.0738773,2.799999952316284,36.3779296875,0.016709426417946,-4.400205612182617,discharge,492
9,0.9985227201954701,1.0738773,2.8007006645202632,36.37501907348633,0.016709426417946,-4.4002203941345215,discharge,492
9,0.998291496831019,1.0738773,2.801401376724243,36.37444305419922,0.016709426417946,-4.400211811065674,discharge,492
9,0.9980602734665691,1.0738773,2.802102088928222,36.37386703491211,0.016709426417946,-4.400203704833984,discharge,492
9,0.9978290501021181,1.0738773,2.802802801132202,36.373287200927734,0.016709426417946,-4.400195598602295,discharge,492
9,0.9975978267376681,1.0738773,2.803503513336181,36.372711181640625,0.016709426417946,-4.400187015533447,discharge,492
9,0.997366603373218,1.0738773,2.804204225540161,36.372135162353516,0.016709426417946,-4.400178909301758,discharge,492
9,0.9971353800087671,1.0738773,2.80490493774414,36.371559143066406,0.016709426417946,-4.400170803070068,discharge,492
9,0.9969041566443171,1.0738773,2.80560564994812,36.37097930908203,0.016709426417946,-4.400162220001221,discharge,492
9,0.9966729332798671,1.0738773,2.806306362152099,36.37040328979492,0.016709426417946,-4.400154113769531,discharge,492
9,0.996441709915416,1.0738773,2.807007074356079,36.36982727050781,0.016709426417946,-4.400145530700684,discharge,492
9,0.9962104865509661,1.0738773,2.807707786560058,36.3692512512207,0.016709426417946,-4.400137424468994,discharge,492
9,0.9959792631865151,1.0738773,2.808408498764038,36.36867141723633,0.016709426417946,-4.400129318237305,discharge,492
9,0.9957480398220651,1.0738773,2.809109210968017,36.36809539794922,0.016709426417946,-4.400120735168457,discharge,492
9,0.995516816457615,1.0738773,2.809809923171997,36.36751937866211,0.016709426417946,-4.400112628936768,discharge,492
9,0.9952855930931641,1.0738773,2.810510396957397,36.366939544677734,0.016709426417946,-4.40010404586792,discharge,492
9,0.9950415552659211,1.0738773,2.811211109161377,36.36440658569336,0.016709426417946,-4.4001145362854,discharge,492
9,0.9947931541025241,1.0738773,2.811911821365356,36.361202239990234,0.016709426417946,-4.4001312255859375,discharge,492
9,0.994544752939126,1.0738773,2.812612533569336,36.35799789428711,0.016709426417946,-4.400148391723633,discharge,492
9,0.9942963517757291,1.0738773,2.813313245773315,36.35479736328125,0.016709426417946,-4.40016508102417,discharge,492
9,0.9940479506123321,1.0738773,2.814013957977295,36.351593017578125,0.016709426417946,-4.400181770324707,discharge,492
9,0.9937995494489341,1.0738773,2.814714670181274,36.348388671875,0.016709426417946,-4.400198459625244,discharge,492
9,0.993551148285537,1.0738773,2.815415382385254,36.34518814086914,0.016709426417946,-4.400215148925781,discharge,492
9,0.9933027471221391,1.0738773,2.816116094589233,36.341983795166016,0.016709426417946,-4.400231838226318,discharge,492
9,0.9930543459587421,1.0738773,2.816816806793213,36.33877944946289,0.016709426417946,-4.4002485275268555,discharge,492
9,0.9928059447953451,1.0738773,2.817517518997192,36.33557891845703,0.016709426417946,-4.400265693664551,discharge,492
9,0.992557543631947,1.0738773,2.818218231201172,36.332374572753906,0.016709426417946,-4.400282382965088,discharge,492
9,0.9923091424685501,1.0738773,2.818918943405151,36.32917022705078,0.016709426417946,-4.400299072265625,discharge,492
9,0.9920607413051521,1.0738773,2.819619655609131,36.32596969604492,0.016709426417946,-4.400315761566162,discharge,492
9,0.9918123401417551,1.0738773,2.82032036781311,36.3227653503418,0.016709426417946,-4.400332450866699,discharge,492
9,0.991560878550726,1.0738773,2.82102108001709,36.319305419921875,0.016709426417946,-4.400339603424072,discharge,492
9,0.9912957513874111,1.0738773,2.8217217922210693,36.3146858215332,0.016709426417946,-4.400302886962891,discharge,492
9,0.991030624224096,1.0738773,2.822422504425049,36.3100700378418,0.016709426417946,-4.400265693664551,discharge,492
9,0.9907654970607811,1.0738773,2.8231232166290283,36.305450439453125,0.016709426417946,-4.400228977203369,discharge,492
9,0.990500369897466,1.0738773,2.823823928833008,36.30083465576172,0.016709426417946,-4.4001922607421875,discharge,492
9,0.9902352427341511,1.0738773,2.8245246410369873,36.29621505737305,0.016709426417946,-4.400155544281006,discharge,492
9,0.989970115570836,1.0738773,2.825225114822387,36.29159927368164,0.016709426417946,-4.400118827819824,discharge,492
9,0.9897049884075211,1.0738773,2.825925827026367,36.28697967529297,0.016709426417946,-4.400081634521484,discharge,492
9,0.9894398612442071,1.0738773,2.826626539230346,36.28236389160156,0.016709426417946,-4.400044918060303,discharge,492
9,0.9891747340808921,1.0738773,2.827327251434326,36.27774429321289,0.016709426417946,-4.400008201599121,discharge,492
9,0.9889096069175771,1.0738773,2.828027963638305,36.273128509521484,0.016709426417946,-4.3999714851379395,discharge,492
9,0.9886444797542621,1.0738773,2.828728675842285,36.26850891113281,0.016709426417946,-4.399934768676758,discharge,492
9,0.9883793525909471,1.0738773,2.829429388046264,36.263893127441406,0.016709426417946,-4.399897575378418,discharge,492
9,0.988114225427632,1.0738773,2.830130100250244,36.259273529052734,0.016709426417946,-4.399860858917236,discharge,492
9,0.9878490982643171,1.0738773,2.830830812454223,36.25465774536133,0.016709426417946,-4.399824142456055,discharge,492
9,0.987567350878442,1.0738773,2.831531524658203,36.251220703125,0.016709426417946,-4.399810314178467,discharge,492
9,0.9872761589975221,1.0738773,2.832232236862182,36.248451232910156,0.016709426417946,-4.399809837341309,discharge,492
9,0.9869849671166021,1.0738773,2.832932949066162,36.24568557739258,0.016709426417946,-4.39980936050415,discharge,492
9,0.986693775235682,1.0738773,2.833633661270141,36.242919921875,0.016709426417946,-4.399808883666992,discharge,492
9,0.986402583354762,1.0738773,2.834334373474121,36.24015426635742,0.016709426417946,-4.399808406829834,discharge,492
9,0.9861113914738421,1.0738773,2.8350350856781,36.237388610839844,0.016709426417946,-4.399807929992676,discharge,492
9,0.9858201995929221,1.0738773,2.83573579788208,36.234622955322266,0.016709426417946,-4.399807453155518,discharge,492
9,0.985529007712002,1.0738773,2.836436510086059,36.23185348510742,0.016709426417946,-4.399806976318359,discharge,492
9,0.985237815831082,1.0738773,2.837137222290039,36.229087829589844,0.016709426417946,-4.399806499481201,discharge,492
9,0.9849466239501621,1.0738773,2.837837934494018,36.226322174072266,0.016709426417946,-4.399806022644043,discharge,492
9,0.9846554320692421,1.0738773,2.838538646697998,36.22355651855469,0.016709426417946,-4.399805545806885,discharge,492
9,0.984364240188322,1.0738773,2.839239120483398,36.22079086303711,0.016709426417946,-4.399805068969727,discharge,492
9,0.984073048307402,1.0738773,2.839939832687378,36.218021392822266,0.016709426417946,-4.399804592132568,discharge,492
9,0.9837818564264821,1.0738773,2.840640544891357,36.21525573730469,0.016709426417946,-4.39980411529541,discharge,492
9,0.983483703661957,1.0738773,2.841341257095337,36.21213150024414,0.016709426417946,-4.399799346923828,discharge,492
9,0.983169560500285,1.0738773,2.842041969299316,36.20817947387695,0.016709426417946,-4.399785995483398,discharge,492
9,0.982855417338613,1.0738773,2.842742681503296,36.204227447509766,0.016709426417946,-4.399772644042969,discharge,492
9,0.982541274176941,1.0738773,2.843443393707275,36.200279235839844,0.016709426417946,-4.399759292602539,discharge,492
9,0.982227131015268,1.0738773,2.844144105911255,36.196327209472656,0.016709426417946,-4.399745941162109,discharge,492
9,0.981912987853596,1.0738773,2.844844818115234,36.19237518310547,0.016709426417946,-4.3997321128845215,discharge,492
9,0.981598844691924,1.0738773,2.845545530319214,36.18842697143555,0.016709426417946,-4.399718761444092,discharge,492
9,0.981284701530252,1.0738773,2.846246242523193,36.18447494506836,0.016709426417946,-4.399705410003662,discharge,492
9,0.980970558368579,1.0738773,2.846946954727173,36.18052291870117,0.016709426417946,-4.399692058563232,discharge,492
9,0.980656415206907,1.0738773,2.847647666931152,36.17657470703125,0.016709426417946,-4.399678707122803,discharge,492
9,0.980342272045235,1.0738773,2.848348379135132,36.17262268066406,0.016709426417946,-4.399664878845215,discharge,492
9,0.980028128883563,1.0738773,2.8490490913391113,36.168670654296875,0.016709426417946,-4.399651527404785,discharge,492
9,0.9797139857218901,1.0738773,2.849749803543091,36.16471862792969,0.016709426417946,-4.3996381759643555,discharge,492
9,0.9793998425602181,1.0738773,2.8504505157470703,36.160770416259766,0.016709426417946,-4.399624824523926,discharge,492
9,0.9790856993985461,1.0738773,2.85115122795105,36.15681838989258,0.016709426417946,-4.399611473083496,discharge,492
9,0.9787455828788971,1.0738773,2.8518519401550293,36.15298080444336,0.016709426417946,-4.399612903594971,discharge,492
9,0.9784005053966891,1.0738773,2.852552652359009,36.14916229248047,0.016709426417946,-4.399617195129394,discharge,492
9,0.9780554279144821,1.0738773,2.8532533645629883,36.14534378051758,0.016709426417946,-4.399621486663818,discharge,492
9,0.9777103504322741,1.0738773,2.8539538383483882,36.14152526855469,0.016709426417946,-4.399625778198242,discharge,492
9,0.977365272950067,1.0738773,2.854654550552368,36.13771057128906,0.016709426417946,-4.399630069732666,discharge,492
9,0.9770201954678591,1.0738773,2.855355262756347,36.13389205932617,0.016709426417946,-4.39963436126709,discharge,492
9,0.9766751179856521,1.0738773,2.856055974960327,36.13007354736328,0.016709426417946,-4.399638652801514,discharge,492
9,0.9763300405034441,1.0738773,2.856756687164306,36.12625503540039,0.016709426417946,-4.3996429443359375,discharge,492
9,0.975984963021237,1.0738773,2.857457399368286,36.122440338134766,0.016709426417946,-4.399647235870361,discharge,492
9,0.975639885539029,1.0738773,2.858158111572265,36.118621826171875,0.016709426417946,-4.399652004241943,discharge,492
9,0.9752948080568221,1.0738773,2.858858823776245,36.114803314208984,0.016709426417946,-4.399656295776367,discharge,492
9,0.9749497305746141,1.0738773,2.859559535980224,36.110984802246094,0.016709426417946,-4.399660587310791,discharge,492
9,0.9746046530924071,1.0738773,2.860260248184204,36.10717010498047,0.016709426417946,-4.399664878845215,discharge,492
9,0.974259575610199,1.0738773,2.860960960388183,36.10335159301758,0.016709426417946,-4.399669170379639,discharge,492
9,0.9738990996671041,1.0738773,2.861661672592163,36.10039520263672,0.016709426417946,-4.399664878845215,discharge,492
9,0.9735266437282801,1.0738773,2.862362384796142,36.09811019897461,0.016709426417946,-4.399653434753418,discharge,492
9,0.9731541877894551,1.0738773,2.863063097000122,36.095821380615234,0.016709426417946,-4.399641990661621,discharge,492
9,0.9727817318506311,1.0738773,2.863763809204101,36.093536376953125,0.016709426417946,-4.399630546569824,discharge,492
9,0.972409275911806,1.0738773,2.864464521408081,36.091251373291016,0.016709426417946,-4.399619579315185,discharge,492
9,0.9720368199729811,1.0738773,2.86516523361206,36.08896255493164,0.016709426417946,-4.399608135223389,discharge,492
9,0.9716643640341561,1.0738773,2.86586594581604,36.08667755126953,0.016709426417946,-4.399596691131592,discharge,492
9,0.9712919080953321,1.0738773,2.866566658020019,36.084388732910156,0.016709426417946,-4.399585247039795,discharge,492
9,0.9709194521565071,1.0738773,2.867267370223999,36.08210372924805,0.016709426417946,-4.399574279785156,discharge,492
9,0.970546996217683,1.0738773,2.867968082427978,36.07981872558594,0.016709426417946,-4.399562835693359,discharge,492
9,0.9701745402788581,1.0738773,2.868668556213379,36.07752990722656,0.016709426417946,-4.3995513916015625,discharge,492
9,0.9698020843400331,1.0738773,2.869369268417358,36.07524490356445,0.016709426417946,-4.399539947509766,discharge,492
9,0.969429628401208,1.0738773,2.870069980621338,36.072959899902344,0.016709426417946,-4.399528503417969,discharge,492
9,0.9690571724623841,1.0738773,2.870770692825317,36.07067108154297,0.016709426417946,-4.39951753616333,discharge,492
9,0.9686763586826431,1.0738773,2.871471405029297,36.067832946777344,0.016709426417946,-4.399518966674805,discharge,492
9,0.968271163853724,1.0738773,2.872172117233276,36.063385009765625,0.016709426417946,-4.399558544158935,discharge,492
9,0.967865969024804,1.0738773,2.872872829437256,36.058937072753906,0.016709426417946,-4.399598121643066,discharge,492
9,0.967460774195885,1.0738773,2.873573541641235,36.05448913574219,0.016709426417946,-4.399637699127197,discharge,492
9,0.9670555793669661,1.0738773,2.874274253845215,36.0500373840332,0.016709426417946,-4.399677276611328,discharge,492
9,0.9666503845380461,1.0738773,2.8749749660491943,36.045589447021484,0.016709426417946,-4.399716854095459,discharge,492
9,0.9662451897091271,1.0738773,2.875675678253174,36.041141510009766,0.016709426417946,-4.39975643157959,discharge,492
9,0.9658399948802071,1.0738773,2.8763763904571533,36.03669357299805,0.016709426417946,-4.399796009063721,discharge,492
9,0.9654348000512881,1.0738773,2.877077102661133,36.03224182128906,0.016709426417946,-4.399835586547852,discharge,492
9,0.965029605222369,1.0738773,2.8777778148651123,36.027793884277344,0.016709426417946,-4.399875164031982,discharge,492
9,0.964624410393449,1.0738773,2.878478527069092,36.023345947265625,0.016709426417946,-4.399914741516113,discharge,492
9,0.96421921556453,1.0738773,2.8791792392730713,36.018898010253906,0.016709426417946,-4.399954319000244,discharge,492
9,0.9638140207356111,1.0738773,2.8798799514770512,36.01445007324219,0.016709426417946,-4.399993896484375,discharge,492
9,0.9634088259066921,1.0738773,2.8805806636810303,36.0099983215332,0.016709426417946,-4.400033473968506,discharge,492
9,0.9630036310777721,1.0738773,2.881281375885009,36.005550384521484,0.016709426417946,-4.400073051452637,discharge,492
9,0.9625616543649981,1.0738773,2.8819820880889893,35.91667556762695,0.016709426417946,-4.40008020401001,discharge,492
9,0.9621125619646681,1.0738773,2.882682800292968,35.91667556762695,0.016709426417946,-4.400081634521484,discharge,492
9,0.9616634695643381,1.0738773,2.883383274078369,35.91667556762695,0.016709426417946,-4.400082588195801,discharge,492
9,0.961214377164008,1.0738773,2.884083986282348,35.91667556762695,0.016709426417946,-4.400084018707275,discharge,492
9,0.9607652847636781,1.0738773,2.884784698486328,35.91667556762695,0.016709426417946,-4.400084972381592,discharge,492
9,0.9603161923633481,1.0738773,2.885485410690307,35.91667556762695,0.016709426417946,-4.400086402893066,discharge,492
9,0.9598670999630181,1.0738773,2.886186122894287,35.91667556762695,0.016709426417946,-4.400087356567383,discharge,492
9,0.959418007562688,1.0738773,2.886886835098266,35.91667556762695,0.016709426417946,-4.400088787078857,discharge,492
9,0.958968915162358,1.0738773,2.887587547302246,35.91667556762695,0.016709426417946,-4.400089740753174,discharge,492
9,0.9585198227620291,1.0738773,2.888288259506225,35.91667556762695,0.016709426417946,-4.400091171264648,discharge,492
9,0.9580707303616991,1.0738773,2.888988971710205,35.91667556762695,0.016709426417946,-4.400092124938965,discharge,492
9,0.9576216379613691,1.0738773,2.889689683914184,35.91667556762695,0.016709426417946,-4.4000935554504395,discharge,492
9,0.957172545561039,1.0738773,2.890390396118164,35.91667556762695,0.016709426417946,-4.400094509124756,discharge,492
9,0.95671420314261,1.0738773,2.891091108322143,35.915992736816406,0.016709426417946,-4.4000935554504395,discharge,492
9,0.9562244705418971,1.0738773,2.891791820526123,35.91299819946289,0.016709426417946,-4.400084972381592,discharge,492
9,0.955734737941184,1.0738773,2.892492532730102,35.90999984741211,0.016709426417946,-4.400076389312744,discharge,492
9,0.9552450053404721,1.0738773,2.893193244934082,35.907005310058594,0.016709426417946,-4.4000678062438965,discharge,492
9,0.954755272739759,1.0738773,2.893893957138061,35.90400695800781,0.016709426417946,-4.400059223175049,discharge,492
9,0.9542655401390471,1.0738773,2.894594669342041,35.9010124206543,0.016709426417946,-4.400050640106201,discharge,492
9,0.953775807538334,1.0738773,2.89529538154602,35.898014068603516,0.016709426417946,-4.400042057037353,discharge,492
9,0.9532860749376221,1.0738773,2.89599609375,35.89501953125,0.016709426417946,-4.400033473968506,discharge,492
9,0.952796342336909,1.0738773,2.896696805953979,35.89202117919922,0.016709426417946,-4.400024890899658,discharge,492
9,0.9523066097361971,1.0738773,2.89739727973938,35.8890266418457,0.016709426417946,-4.40001630783081,discharge,492
9,0.951816877135484,1.0738773,2.898097991943359,35.88602828979492,0.016709426417946,-4.400007724761963,discharge,492
9,0.9513271445347721,1.0738773,2.898798704147339,35.883033752441406,0.016709426417946,-4.399999141693115,discharge,492
9,0.9508374119340601,1.0738773,2.899499416351318,35.880035400390625,0.016709426417946,-4.399990558624268,discharge,492
9,0.9503229438602181,1.0738773,2.900200128555298,35.87491226196289,0.016709426417946,-4.399990081787109,discharge,492
9,0.9497985163018771,1.0738773,2.9009008407592773,35.868927001953125,0.016709426417946,-4.3999924659729,discharge,492
9,0.949274088743537,1.0738773,2.901601552963257,35.862945556640625,0.016709426417946,-4.39999532699585,discharge,492
9,0.9487496611851961,1.0738773,2.9023022651672363,35.85696029663086,0.016709426417946,-4.399997711181641,discharge,492
9,0.9482252336268551,1.0738773,2.903002977371216,35.85097885131836,0.016709426417946,-4.400000095367432,discharge,492
9,0.947700806068514,1.0738773,2.9037036895751953,35.84499740600586,0.016709426417946,-4.400002956390381,discharge,492
9,0.9471763785101741,1.0738773,2.904404401779175,35.839012145996094,0.016709426417946,-4.400005340576172,discharge,492
9,0.9466519509518331,1.0738773,2.9051051139831543,35.833030700683594,0.016709426417946,-4.400008201599121,discharge,492
9,0.946127523393492,1.0738773,2.9058058261871342,35.82704544067383,0.016709426417946,-4.400010585784912,discharge,492
9,0.9456030958351521,1.0738773,2.9065065383911133,35.82106399536133,0.016709426417946,-4.400012969970703,discharge,492
9,0.9450786682768111,1.0738773,2.907207250595092,35.81507873535156,0.016709426417946,-4.400015830993652,discharge,492
9,0.944552534822906,1.0738773,2.9079079627990723,35.80908966064453,0.016709426417946,-4.400017738342285,discharge,492
9,0.9439888683681841,1.0738773,2.908608675003051,35.802982330322266,0.016709426417946,-4.400010585784912,discharge,492
9,0.943425201913463,1.0738773,2.9093093872070312,35.796875,0.016709426417946,-4.400003433227539,discharge,492
9,0.9428615354587421,1.0738773,2.91001009941101,35.790767669677734,0.016709426417946,-4.399996280670166,discharge,492
9,0.9422978690040201,1.0738773,2.9107108116149902,35.78466033935547,0.016709426417946,-4.399989128112793,discharge,492
9,0.9417342025492991,1.0738773,2.911411523818969,35.7785530090332,0.016709426417946,-4.39998197555542,discharge,492
9,0.9411705360945771,1.0738773,2.91211199760437,35.77244567871094,0.016709426417946,-4.399974822998047,discharge,492
9,0.9406068696398561,1.0738773,2.912812709808349,35.76633834838867,0.016709426417946,-4.399967670440674,discharge,492
9,0.9400432031851351,1.0738773,2.913513422012329,35.760231018066406,0.016709426417946,-4.399960517883301,discharge,492
9,0.9394795367304131,1.0738773,2.914214134216308,35.75412368774414,0.016709426417946,-4.399953365325928,discharge,492
9,0.9389158702756921,1.0738773,2.914914846420288,35.748016357421875,0.016709426417946,-4.399946212768555,discharge,492
9,0.9383415658620531,1.0738773,2.915615558624267,35.741817474365234,0.016709426417946,-4.399943828582764,discharge,492
9,0.937719596214686,1.0738773,2.916316270828247,35.73520278930664,0.016709426417946,-4.399961471557617,discharge,492
9,0.9370976265673201,1.0738773,2.917016983032226,35.72858810424805,0.016709426417946,-4.399979114532471,discharge,492
9,0.936475656919954,1.0738773,2.917717695236206,35.72197723388672,0.016709426417946,-4.399996757507324,discharge,492
9,0.9358536872725871,1.0738773,2.918418407440185,35.715362548828125,0.016709426417946,-4.400014877319336,discharge,492
9,0.9352317176252211,1.0738773,2.919119119644165,35.70874786376953,0.016709426417946,-4.4000325202941895,discharge,492
9,0.9346097479778551,1.0738773,2.919819831848144,35.7021369934082,0.016709426417946,-4.400050163269043,discharge,492
9,0.9339877783304881,1.0738773,2.920520544052124,35.69552230834961,0.016709426417946,-4.4000678062438965,discharge,492
9,0.933365808683122,1.0738773,2.921221256256103,35.688907623291016,0.016709426417946,-4.400085926055908,discharge,492
9,0.9327438390357551,1.0738773,2.921921968460083,35.68229675292969,0.016709426417946,-4.400103569030762,discharge,492
9,0.932110003304721,1.0738773,2.922622680664062,35.67330551147461,0.016709426417946,-4.40012264251709,discharge,492
9,0.9314540354858001,1.0738773,2.923323392868042,35.659881591796875,0.016709426417946,-4.400144577026367,discharge,492
9,0.9307980676668791,1.0738773,2.924024105072021,35.646461486816406,0.016709426417946,-4.400166511535644,discharge,492
9,0.930142099847958,1.0738773,2.924724817276001,35.63303756713867,0.016709426417946,-4.40018892288208,discharge,492
9,0.9294861320290371,1.0738773,2.92542552947998,35.6196174621582,0.016709426417946,-4.400210857391357,discharge,492
9,0.9288301642101161,1.0738773,2.92612624168396,35.60619354248047,0.016709426417946,-4.400232791900635,discharge,492
9,0.928174196391195,1.0738773,2.92682671546936,35.592769622802734,0.016709426417946,-4.400254726409912,discharge,492
9,0.9275182285722741,1.0738773,2.92752742767334,35.579349517822266,0.016709426417946,-4.4002766609191895,discharge,492
9,0.9268622607533531,1.0738773,2.9282281398773193,35.56592559814453,0.016709426417946,-4.400298595428467,discharge,492
9,0.9262058199529201,1.0738773,2.928928852081299,35.595794677734375,0.016709426417946,-4.400320053100586,discharge,492
9,0.9255115817329681,1.0738773,2.9296295642852783,35.5870246887207,0.016709426417946,-4.400285243988037,discharge,492
9,0.924817343513015,1.0738773,2.930330276489258,35.57825469970703,0.016709426417946,-4.40024995803833,discharge,492
9,0.9241231052930631,1.0738773,2.9310309886932373,35.569488525390625,0.016709426417946,-4.400215148925781,discharge,492
9,0.9234288670731101,1.0738773,2.931731700897217,35.56071853637695,0.016709426417946,-4.400180339813232,discharge,492
9,0.922734628853157,1.0738773,2.9324324131011963,35.55194854736328,0.016709426417946,-4.400145053863525,discharge,492
9,0.9220403906332051,1.0738773,2.9331331253051762,35.543182373046875,0.016709426417946,-4.400110244750977,discharge,492
9,0.921346152413252,1.0738773,2.9338338375091553,35.5344123840332,0.016709426417946,-4.400075435638428,discharge,492
9,0.9206519141933001,1.0738773,2.934534549713134,35.52564239501953,0.016709426417946,-4.400040149688721,discharge,492
9,0.9199471028984361,1.0738773,2.9352352619171143,35.55181884765625,0.016709426417946,-4.4000043869018555,discharge,492
9,0.9192013231774251,1.0738773,2.935935974121093,35.54767608642578,0.016709426417946,-4.399964332580566,discharge,492
9,0.9184555434564131,1.0738773,2.9366366863250732,35.54353332519531,0.016709426417946,-4.399924278259277,discharge,492
9,0.917709763735401,1.0738773,2.937337398529052,35.53939437866211,0.016709426417946,-4.399884223937988,discharge,492
9,0.916963984014389,1.0738773,2.9380381107330322,35.53525161743164,0.016709426417946,-4.399844169616699,discharge,492
9,0.9162182042933771,1.0738773,2.938738822937011,35.53110885620117,0.016709426417946,-4.39980411529541,discharge,492
9,0.9154724245723651,1.0738773,2.939439535140991,35.5269660949707,0.016709426417946,-4.399764060974121,discharge,492
9,0.914726644851353,1.0738773,2.94014024734497,35.522823333740234,0.016709426417946,-4.399724006652832,discharge,492
9,0.913980865130341,1.0738773,2.94084095954895,35.518680572509766,0.016709426417946,-4.399683952331543,discharge,492
9,0.913202924795887,1.0738773,2.94154143333435,35.50835418701172,0.016709426417946,-4.399706363677978,discharge,492
9,0.9124249241858061,1.0738773,2.94224214553833,35.498016357421875,0.016709426417946,-4.399728775024414,discharge,492
9,0.9116469235757251,1.0738773,2.942942857742309,35.48767852783203,0.016709426417946,-4.39975118637085,discharge,492
9,0.910868922965644,1.0738773,2.943643569946289,35.47734069824219,0.016709426417946,-4.399773597717285,discharge,492
9,0.9100909223555641,1.0738773,2.944344282150268,35.467002868652344,0.016709426417946,-4.399796009063721,discharge,492
9,0.9093129217454831,1.0738773,2.945044994354248,35.4566650390625,0.016709426417946,-4.399817943572998,discharge,492
9,0.908534921135402,1.0738773,2.945745706558227,35.446327209472656,0.016709426417946,-4.399840354919434,discharge,492
9,0.9077483136026241,1.0738773,2.946446418762207,35.43705749511719,0.016709426417946,-4.3998565673828125,discharge,492
9,0.906906775422683,1.0738773,2.947147130966186,35.43459701538086,0.016709426417946,-4.399832248687744,discharge,492
9,0.906065237242743,1.0738773,2.947847843170166,35.43213653564453,0.016709426417946,-4.399807453155518,discharge,492
9,0.9052236990628031,1.0738773,2.948548555374145,35.4296760559082,0.016709426417946,-4.399783134460449,discharge,492
9,0.904382160882863,1.0738773,2.949249267578125,35.427215576171875,0.016709426417946,-4.399758338928223,discharge,492
9,0.9035406227029231,1.0738773,2.949949979782104,35.42475509643555,0.016709426417946,-4.399734020233154,discharge,492
9,0.9026990845229831,1.0738773,2.950650691986084,35.42229461669922,0.016709426417946,-4.399709701538086,discharge,492
9,0.901857546343043,1.0738773,2.951351404190063,35.41983413696289,0.016709426417946,-4.399684906005859,discharge,492
9,0.900984898909552,1.0738773,2.952052116394043,35.41243362426758,0.016709426417946,-4.399712562561035,discharge,492
9,0.9001072190897861,1.0738773,2.952752828598022,35.404239654541016,0.016709426417946,-4.3997483253479,discharge,492
9,0.899229539270021,1.0738773,2.953453540802002,35.39604187011719,0.016709426417946,-4.399784088134766,discharge,492
9,0.8983518594502551,1.0738773,2.954154253005981,35.38784408569336,0.016709426417946,-4.399819850921631,discharge,492
9,0.897474179630489,1.0738773,2.954854965209961,35.37964630126953,0.016709426417946,-4.399855613708496,discharge,492
9,0.8965964998107231,1.0738773,2.9555554389953613,35.3714485168457,0.016709426417946,-4.399891376495361,discharge,492
9,0.895718819990957,1.0738773,2.956256151199341,35.363250732421875,0.016709426417946,-4.399927139282227,discharge,492
9,0.8947829328339211,1.0738773,2.9569568634033203,35.345062255859375,0.016709426417946,-4.399901390075684,discharge,492
9,0.893839719358627,1.0738773,2.9576575756073,35.32561492919922,0.016709426417946,-4.399868011474609,discharge,492
9,0.892896505883333,1.0738773,2.9583582878112793,35.3061637878418,0.016709426417946,-4.399834632873535,discharge,492
9,0.8919532924080391,1.0738773,2.9590590000152592,35.28671646118164,0.016709426417946,-4.399801254272461,discharge,492
9,0.8910100789327461,1.0738773,2.9597597122192383,35.267269134521484,0.016709426417946,-4.399767398834228,discharge,492
9,0.8900668654574521,1.0738773,2.960460424423217,35.24782180786133,0.016709426417946,-4.399734020233154,discharge,492
9,0.8891164027914351,1.0738773,2.9611611366271973,35.25932312011719,0.016709426417946,-4.399734020233154,discharge,492
9,0.8881548245471881,1.0738773,2.961861848831176,35.25541687011719,0.016709426417946,-4.399784088134766,discharge,492
9,0.88719324630294,1.0738773,2.9625625610351562,35.25151443481445,0.016709426417946,-4.399834156036377,discharge,492
9,0.886231668058693,1.0738773,2.963263273239135,35.24760818481445,0.016709426417946,-4.3998847007751465,discharge,492
9,0.8852700898144461,1.0738773,2.9639639854431152,35.24370193481445,0.016709426417946,-4.399934768676758,discharge,492
9,0.8843085115701981,1.0738773,2.964664697647094,35.23979949951172,0.016709426417946,-4.399985313415527,discharge,492
9,0.8833439866557511,1.0738773,2.965365409851074,35.23542404174805,0.016709426417946,-4.400034427642822,discharge,492
9,0.8823089013184151,1.0738773,2.966066122055053,35.21981430053711,0.016709426417946,-4.400058746337891,discharge,492
9,0.8812738159810801,1.0738773,2.966766834259033,35.20420837402344,0.016709426417946,-4.400082588195801,discharge,492
9,0.880238730643744,1.0738773,2.967467546463012,35.188602447509766,0.016709426417946,-4.400106906890869,discharge,492
9,0.879203645306409,1.0738773,2.968168258666992,35.17299270629883,0.016709426417946,-4.400130748748779,discharge,492
9,0.8781685599690731,1.0738773,2.9688689708709712,35.157386779785156,0.016709426417946,-4.400155067443848,discharge,492
9,0.877132273819176,1.0738773,2.969569683074951,35.14339828491211,0.016709426417946,-4.400177955627441,discharge,492
9,0.876087986630377,1.0738773,2.970270156860351,35.14019775390625,0.016709426417946,-4.400190830230713,discharge,492
9,0.8750436994415791,1.0738773,2.970970869064331,35.137001037597656,0.016709426417946,-4.400204181671143,discharge,492
9,0.8739994122527791,1.0738773,2.97167158126831,35.13380432128906,0.016709426417946,-4.400217533111572,discharge,492
9,0.8729551250639801,1.0738773,2.97237229347229,35.1306037902832,0.016709426417946,-4.400230884552002,discharge,492
9,0.8719108378751811,1.0738773,2.973073005676269,35.12740707397461,0.016709426417946,-4.400243759155273,discharge,492
9,0.870854756005055,1.0738773,2.973773717880249,35.12003707885742,0.016709426417946,-4.400247573852539,discharge,492
9,0.869765405831819,1.0738773,2.974474430084228,35.120975494384766,0.016709426417946,-4.400224685668945,discharge,492
9,0.8686760556585841,1.0738773,2.975175142288208,35.121910095214844,0.016709426417946,-4.400201797485352,discharge,492
9,0.8675867054853481,1.0738773,2.975875854492187,35.12284851074219,0.016709426417946,-4.4001784324646,discharge,492
9,0.866497355312112,1.0738773,2.976576566696167,35.123783111572266,0.016709426417946,-4.400155544281006,discharge,492
9,0.8654080051388771,1.0738773,2.977277278900146,35.12472152709961,0.016709426417946,-4.400132656097412,discharge,492
9,0.8642649295412681,1.0738773,2.977977991104126,35.10733413696289,0.016709426417946,-4.40013313293457,discharge,492
9,0.8630932964289151,1.0738773,2.978678703308105,35.0802116394043,0.016709426417946,-4.400146484375,discharge,492
9,0.8619216633165621,1.0738773,2.979379415512085,35.0530891418457,0.016709426417946,-4.4001593589782715,discharge,492
9,0.860750030204208,1.0738773,2.980080127716064,35.02596664428711,0.016709426417946,-4.400172710418701,discharge,492
9,0.859578397091855,1.0738773,2.980780839920044,34.99884033203125,0.016709426417946,-4.400185585021973,discharge,492
9,0.858393706750684,1.0738773,2.981481552124023,35.079063415527344,0.016709426417946,-4.400196552276611,discharge,492
9,0.85719185039381,1.0738773,2.982182264328003,35.05248260498047,0.016709426417946,-4.400204181671143,discharge,492
9,0.8559899940369351,1.0738773,2.982882976531982,35.02589797973633,0.016709426417946,-4.400212287902832,discharge,492
9,0.85478813768006,1.0738773,2.983583688735962,34.99931716918945,0.016709426417946,-4.400219917297363,discharge,492
9,0.853586281323186,1.0738773,2.984284400939941,34.97273254394531,0.016709426417946,-4.400227546691894,discharge,492
9,0.852380385738415,1.0738773,2.9849848747253422,34.98155975341797,0.016709426417946,-4.400223255157471,discharge,492
9,0.8511663721339681,1.0738773,2.9856855869293213,34.97591781616211,0.016709426417946,-4.400194644927978,discharge,492
9,0.8499523585295211,1.0738773,2.9863862991333012,34.970272064208984,0.016709426417946,-4.400166034698486,discharge,492
9,0.848738344925074,1.0738773,2.9870870113372803,34.964630126953125,0.016709426417946,-4.400137424468994,discharge,492
9,0.8475243313206281,1.0738773,2.987787723541259,34.958984375,0.016709426417946,-4.400108814239502,discharge,492
9,0.846287628212237,1.0738773,2.9884884357452393,34.951759338378906,0.016709426417946,-4.400089740753174,discharge,492
9,0.8449956425513081,1.0738773,2.989189147949218,34.94068908691406,0.016709426417946,-4.400094032287598,discharge,492
9,0.8437036568903791,1.0738773,2.9898898601531982,34.92961883544922,0.016709426417946,-4.4000983238220215,discharge,492
9,0.842411671229451,1.0738773,2.990590572357177,34.918548583984375,0.016709426417946,-4.400103092193603,discharge,492
9,0.841119685568522,1.0738773,2.9912912845611572,34.90747833251953,0.016709426417946,-4.400107383728027,discharge,492
9,0.839812785456695,1.0738773,2.991991996765136,34.929473876953125,0.016709426417946,-4.400067329406738,discharge,492
9,0.83849397397652,1.0738773,2.992692708969116,34.922882080078125,0.016709426417946,-4.399991989135742,discharge,492
9,0.837175162496345,1.0738773,2.993393421173095,34.916290283203125,0.016709426417946,-4.399916648864746,discharge,492
9,0.8358563510161701,1.0738773,2.994094133377075,34.909698486328125,0.016709426417946,-4.399840831756592,discharge,492
9,0.8345375395359951,1.0738773,2.9947948455810542,34.90310287475586,0.016709426417946,-4.399765491485596,discharge,492
9,0.833198116519535,1.0738773,2.995495557785034,34.871639251708984,0.016709426417946,-4.399805068969727,discharge,492
9,0.831856842236494,1.0738773,2.9961962699890132,34.83793640136719,0.016709426417946,-4.399855136871338,discharge,492
9,0.830515567953454,1.0738773,2.996896982192993,34.804237365722656,0.016709426417946,-4.399905681610107,discharge,492
9,0.8291742936704131,1.0738773,2.997597694396972,34.770538330078125,0.016709426417946,-4.399955749511719,discharge,492
9,0.827811443400519,1.0738773,2.998298406600952,34.812381744384766,0.016709426417946,-4.399998188018799,discharge,492
9,0.8264082775088111,1.0738773,2.998998880386352,34.803565979003906,0.016709426417946,-4.400026321411133,discharge,492
9,0.8250051116171031,1.0738773,2.999699592590332,34.79475402832031,0.016709426417946,-4.400054454803467,discharge,492
9,0.823601945725394,1.0738773,3.000400304794311,34.78593826293945,0.016709426417946,-4.400082111358643,discharge,492
9,0.822198779833686,1.0738773,3.001101016998291,34.777122497558594,0.016709426417946,-4.400110244750977,discharge,492
9,0.8207112728336571,1.0738773,3.00180172920227,34.75544357299805,0.016709426417946,-4.400045394897461,discharge,492
9,0.8192229648870161,1.0738773,3.00250244140625,34.76237106323242,0.016709426417946,-4.399979114532471,discharge,492
9,0.8177346569403761,1.0738773,3.003203153610229,34.76929473876953,0.016709426417946,-4.3999128341674805,discharge,492
9,0.816246348993736,1.0738773,3.003903865814209,34.77621841430664,0.016709426417946,-4.39984655380249,discharge,492
9,0.814860885982797,1.0738773,3.004604578018188,34.762142181396484,0.016709426417946,-4.399917125701904,discharge,492
9,0.813489229250354,1.0738773,3.005305290222168,34.74524688720703,0.016709426417946,-4.400006294250488,discharge,492
9,0.8121175725179121,1.0738773,3.006006002426147,34.72835159301758,0.016709426417946,-4.400095462799072,discharge,492
9,0.8107459157854691,1.0738773,3.006706714630127,34.711456298828125,0.016709426417946,-4.400184154510498,discharge,492
9,0.809314773933638,1.0738773,3.007407426834106,34.69536209106445,0.016709426417946,-4.40024471282959,discharge,492
9,0.807803806247334,1.0738773,3.008108139038086,34.68033981323242,0.016709426417946,-4.400267124176025,discharge,492
9,0.8062928385610311,1.0738773,3.008808851242065,34.665321350097656,0.016709426417946,-4.400290012359619,discharge,492
9,0.8047818708747281,1.0738773,3.009509563446045,34.65030288696289,0.016709426417946,-4.400312423706055,discharge,492
9,0.803257273948033,1.0738773,3.010210275650024,34.6395263671875,0.016709426417946,-4.400286674499512,discharge,492
9,0.801710501518734,1.0738773,3.010910987854004,34.63565444946289,0.016709426417946,-4.400181770324707,discharge,492
9,0.8001637290894361,1.0738773,3.011611700057983,34.63178634643555,0.016709426417946,-4.40007734298706,discharge,492
9,0.7986169566601371,1.0738773,3.012312412261963,34.6279182434082,0.016709426417946,-4.399972915649414,discharge,492
9,0.797026420574177,1.0738773,3.013013124465942,34.623477935791016,0.016709426417946,-4.399897575378418,discharge,492
9,0.79537613433575,1.0738773,3.013713598251342,34.61826705932617,0.016709426417946,-4.399862289428711,discharge,492
9,0.793725848097324,1.0738773,3.014414310455322,34.61305618286133,0.016709426417946,-4.399827480316162,discharge,492
9,0.792075561858897,1.0738773,3.015115022659301,34.607845306396484,0.016709426417946,-4.399792671203613,discharge,492
9,0.7904386394943571,1.0738773,3.015815734863281,34.59098815917969,0.016709426417946,-4.399863243103027,discharge,492
9,0.7888068940893691,1.0738773,3.01651644706726,34.569618225097656,0.016709426417946,-4.399974822998047,discharge,492
9,0.7871751486843811,1.0738773,3.01721715927124,34.548248291015625,0.016709426417946,-4.400086879730225,discharge,492
9,0.7855434032793931,1.0738773,3.017917871475219,34.52687454223633,0.016709426417946,-4.400198459625244,discharge,492
9,0.7839873009773011,1.0738773,3.018618583679199,34.5211181640625,0.016709426417946,-4.400094032287598,discharge,492
9,0.7824332285447291,1.0738773,3.019319295883178,34.515777587890625,0.016709426417946,-4.399984359741211,discharge,492
9,0.7808791561121581,1.0738773,3.020020008087158,34.51043701171875,0.016709426417946,-4.399874210357666,discharge,492
9,0.7793154610117851,1.0738773,3.020720720291137,34.504337310791016,0.016709426417946,-4.399773120880127,discharge,492
9,0.777523740443089,1.0738773,3.021421432495117,34.48023223876953,0.016709426417946,-4.3998799324035645,discharge,492
9,0.7757320198743931,1.0738773,3.022122144699096,34.45612716674805,0.016709426417946,-4.39998722076416,discharge,492
9,0.7739402993056961,1.0738773,3.022822856903076,34.43202209472656,0.016709426417946,-4.400094032287598,discharge,492
9,0.7721231671632771,1.0738773,3.023523569107055,34.42680740356445,0.016709426417946,-4.400081157684326,discharge,492
9,0.770290919661592,1.0738773,3.024224281311035,34.43283462524414,0.016709426417946,-4.399996757507324,discharge,492
9,0.768458672159907,1.0738773,3.024924993515014,34.43885803222656,0.016709426417946,-4.399912357330322,discharge,492
9,0.7666874728099821,1.0738773,3.025625705718994,34.440223693847656,0.016709426417946,-4.399900436401367,discharge,492
9,0.765072001148093,1.0738773,3.026326417922973,34.429691314697266,0.016709426417946,-4.400073528289795,discharge,492
9,0.763456529486205,1.0738773,3.027027130126953,34.41916275024414,0.016709426417946,-4.400246620178223,discharge,492
9,0.7618410578243161,1.0738773,3.027727842330932,34.40863037109375,0.016709426417946,-4.400419235229492,discharge,492
9,0.760131687025,1.0738773,3.028428316116333,34.39476776123047,0.016709426417946,-4.400382041931152,discharge,492
9,0.758328160525185,1.0738773,3.029129028320312,34.39773941040039,0.016709426417946,-4.40013313293457,discharge,492
9,0.75652463402537,1.0738773,3.029829740524292,34.40071105957031,0.016709426417946,-4.3998847007751465,discharge,492
9,0.7547212459515471,1.0738773,3.030530452728271,34.40141677856445,0.016709426417946,-4.399677276611328,discharge,492
9,0.75291898949194,1.0738773,3.031231164932251,34.38360595703125,0.016709426417946,-4.399807453155518,discharge,492
9,0.7511167330323321,1.0738773,3.03193187713623,34.36579895019531,0.016709426417946,-4.399937629699707,discharge,492
9,0.7493144765727241,1.0738773,3.03263258934021,34.34798812866211,0.016709426417946,-4.400067329406738,discharge,492
9,0.7474153074959741,1.0738773,3.033333301544189,34.332000732421875,0.016709426417946,-4.400080680847168,discharge,492
9,0.7454776881763191,1.0738773,3.034034013748169,34.316734313964844,0.016709426417946,-4.400047302246094,discharge,492
9,0.743540068856665,1.0738773,3.034734725952148,34.30146789550781,0.016709426417946,-4.400014400482178,discharge,492
9,0.7415374601672271,1.0738773,3.035435438156128,34.29279708862305,0.016709426417946,-4.400206089019775,discharge,492
9,0.739484011894304,1.0738773,3.036136150360107,34.289283752441406,0.016709426417946,-4.40057373046875,discharge,492
9,0.737430563621381,1.0738773,3.036836862564087,34.285770416259766,0.016709426417946,-4.400941371917725,discharge,492
9,0.735500565469526,1.0738773,3.037537574768066,34.31461715698242,0.016709426417946,-4.400872707366943,discharge,492
9,0.7336598060373071,1.0738773,3.038238286972046,34.30355453491211,0.016709426417946,-4.40048885345459,discharge,492
9,0.731819046605088,1.0738773,3.038938999176025,34.29248809814453,0.016709426417946,-4.400104522705078,discharge,492
9,0.7299499285730631,1.0738773,3.039639711380005,34.18747329711914,0.016709426417946,-4.39980411529541,discharge,492
9,0.7279998933377441,1.0738773,3.040340423583984,34.18747329711914,0.016709426417946,-4.399740695953369,discharge,492
9,0.7260498581024261,1.0738773,3.041041135787964,34.18747329711914,0.016709426417946,-4.399677753448486,discharge,492
9,0.724098968790673,1.0738773,3.041741847991943,34.1861457824707,0.016709426417946,-4.399631500244141,discharge,492
9,0.7221417114060701,1.0738773,3.042442560195923,34.1749382019043,0.016709426417946,-4.39971399307251,discharge,492
9,0.720184454021466,1.0738773,3.043143033981323,34.163726806640625,0.016709426417946,-4.399796485900879,discharge,492
9,0.7182271966368621,1.0738773,3.043843746185302,34.15251922607422,0.016709426417946,-4.399878978729248,discharge,492
9,0.715920464272454,1.0738773,3.0445444583892822,34.1392822265625,0.016709426417946,-4.399816989898682,discharge,492
9,0.713611386754281,1.0738773,3.045245170593261,34.126033782958984,0.016709426417946,-4.399754047393799,discharge,492
9,0.711348564621138,1.0738773,3.045945882797241,34.16500473022461,0.016709426417946,-4.399745464324951,discharge,492
9,0.70917207951837,1.0738773,3.04664659500122,34.14567947387695,0.016709426417946,-4.399837493896484,discharge,492
9,0.706995594415602,1.0738773,3.0473473072052,34.12635803222656,0.016709426417946,-4.399930000305176,discharge,492
9,0.704857508258744,1.0738773,3.048048019409179,34.10834503173828,0.016709426417946,-4.39999532699585,discharge,492
9,0.702752533966786,1.0738773,3.048748731613159,34.091468811035156,0.016709426417946,-4.400036334991455,discharge,492
9,0.7006475596748291,1.0738773,3.049449443817138,34.074588775634766,0.016709426417946,-4.400077819824219,discharge,492
9,0.6986156263162091,1.0738773,3.050150156021118,34.0636100769043,0.016709426417946,-4.400114059448242,discharge,492
9,0.696626375274185,1.0738773,3.050850868225097,34.05607604980469,0.016709426417946,-4.400147438049316,discharge,492
9,0.6946371242321611,1.0738773,3.051551580429077,34.048545837402344,0.016709426417946,-4.400180816650391,discharge,492
9,0.6923995494674501,1.0738773,3.052252292633056,34.04352951049805,0.016709426417946,-4.400229454040527,discharge,492
9,0.689958635097628,1.0738773,3.052953004837036,34.04057693481445,0.016709426417946,-4.400291442871094,discharge,492
9,0.6875222692314511,1.0738773,3.053653717041015,34.03759765625,0.016709426417946,-4.400343894958496,discharge,492
9,0.6851843950741741,1.0738773,3.054354429244995,34.0340690612793,0.016709426417946,-4.400197505950928,discharge,492
9,0.682846520916898,1.0738773,3.055055141448974,34.030540466308594,0.016709426417946,-4.400050640106201,discharge,492
9,0.680582988176967,1.0738773,3.055755853652954,34.019126892089844,0.016709426417946,-4.400021553039551,discharge,492
9,0.6784181598575331,1.0738773,3.056456565856933,33.997249603271484,0.016709426417946,-4.400147914886475,discharge,492
9,0.6762533315380981,1.0738773,3.057157039642334,33.975372314453125,0.016709426417946,-4.400274276733398,discharge,492
9,0.673855730739875,1.0738773,3.057857751846313,33.96442794799805,0.016709426417946,-4.400172233581543,discharge,492
9,0.6713064526504771,1.0738773,3.058558464050293,33.96061325073242,0.016709426417946,-4.399922370910644,discharge,492
9,0.6688051443008111,1.0738773,3.059259176254272,33.9539680480957,0.016709426417946,-4.399779319763184,discharge,492
9,0.66648875822743,1.0738773,3.059959888458252,33.9364128112793,0.016709426417946,-4.400050640106201,discharge,492
9,0.664172372154047,1.0738773,3.060660600662231,33.918853759765625,0.016709426417946,-4.40032148361206,discharge,492
9,0.661721472025515,1.0738773,3.061361312866211,33.903846740722656,0.016709426417946,-4.4003682136535645,discharge,492
9,0.659164939250209,1.0738773,3.06206202507019,33.89083480834961,0.016709426417946,-4.400238513946533,discharge,492
9,0.6566206259002241,1.0738773,3.06276273727417,33.87378692626953,0.016709426417946,-4.40013313293457,discharge,492
9,0.6541370697504141,1.0738773,3.063463449478149,33.83664321899414,0.016709426417946,-4.400151252746582,discharge,492
9,0.6516535136006041,1.0738773,3.064164161682129,33.799503326416016,0.016709426417946,-4.400169372558594,discharge,492
9,0.649248812060875,1.0738773,3.064864873886108,33.82670974731445,0.016709426417946,-4.400059223175049,discharge,492
9,0.6468777033391101,1.0738773,3.065565586090088,33.806297302246094,0.016709426417946,-4.399895191192627,discharge,492
9,0.644477381967937,1.0738773,3.066266298294067,33.788108825683594,0.016709426417946,-4.399771213531494,discharge,492
9,0.641869671728659,1.0738773,3.066967010498047,33.78568649291992,0.016709426417946,-4.399932861328125,discharge,492
9,0.6392619614893801,1.0738773,3.067667722702026,33.78326416015625,0.016709426417946,-4.400094032287598,discharge,492
9,0.6367093074826531,1.0738773,3.068368434906006,33.775394439697266,0.016709426417946,-4.399935245513916,discharge,492
9,0.634172449863596,1.0738773,3.069069147109985,33.76595687866211,0.016709426417946,-4.399683952331543,discharge,492
9,0.631583879058017,1.0738773,3.069769859313965,33.75298309326172,0.016709426417946,-4.3995771408081055,discharge,492
9,0.6289038610550971,1.0738773,3.070470571517944,33.73375701904297,0.016709426417946,-4.399725914001465,discharge,492
9,0.626221780809026,1.0738773,3.071171283721924,33.71555709838867,0.016709426417946,-4.399872779846191,discharge,492
9,0.6235160298360231,1.0738773,3.071871757507324,33.70917892456055,0.016709426417946,-4.400001049041748,discharge,492
9,0.6208102788630201,1.0738773,3.072572469711303,33.70280075073242,0.016709426417946,-4.400129318237305,discharge,492
9,0.618075923011644,1.0738773,3.073273181915283,33.70439147949219,0.016709426417946,-4.399984836578369,discharge,492
9,0.615335265484738,1.0738773,3.073973894119262,33.70773696899414,0.016709426417946,-4.3997802734375,discharge,492
9,0.6126785459520521,1.0738773,3.074674606323242,33.710105895996094,0.016709426417946,-4.399795055389404,discharge,492
9,0.610081455687268,1.0738773,3.075375318527221,33.7117805480957,0.016709426417946,-4.399964809417725,discharge,492
9,0.607412098873478,1.0738773,3.076076030731201,33.70365524291992,0.016709426417946,-4.400079727172852,discharge,492
9,0.604504586296533,1.0738773,3.07677674293518,33.66322326660156,0.016709426417946,-4.400012493133545,discharge,492
9,0.6015839773492151,1.0738773,3.07747745513916,33.69206237792969,0.016709426417946,-4.399954795837402,discharge,492
9,0.5985757313623921,1.0738773,3.078178167343139,33.658477783203125,0.016709426417946,-4.399957656860352,discharge,492
9,0.5956022950682061,1.0738773,3.078878879547119,33.58417510986328,0.016709426417946,-4.399970054626465,discharge,492
9,0.592964719538122,1.0738773,3.079579591751098,33.58417510986328,0.016709426417946,-4.400078296661377,discharge,492
9,0.5903271440080371,1.0738773,3.080280303955078,33.58417510986328,0.016709426417946,-4.400186538696289,discharge,492
9,0.587173290603899,1.0738773,3.080981016159057,33.59095001220703,0.016709426417946,-4.400147914886475,discharge,492
9,0.583869305724053,1.0738773,3.081681728363037,33.599693298339844,0.016709426417946,-4.400066375732422,discharge,492
9,0.5809043217719181,1.0738773,3.082382440567016,33.58195114135742,0.016709426417946,-4.399980545043945,discharge,492
9,0.577968418605589,1.0738773,3.083083152770996,33.56193542480469,0.016709426417946,-4.399894714355469,discharge,492
9,0.575022010808332,1.0738773,3.083783864974975,33.57232666015625,0.016709426417946,-4.400007247924805,discharge,492
9,0.572073622055542,1.0738773,3.084484577178955,33.56134796142578,0.016709426417946,-4.400157928466797,discharge,492
9,0.5691918915223171,1.0738773,3.085185289382934,33.52485275268555,0.016709426417946,-4.400083541870117,discharge,492
9,0.5663307049954991,1.0738773,3.085886001586914,33.48049545288086,0.016709426417946,-4.399940013885498,discharge,492
9,0.5632565304550501,1.0738773,3.086586475372314,33.46052932739258,0.016709426417946,-4.399899482727051,discharge,492
9,0.5600559712656521,1.0738773,3.087287187576294,33.455039978027344,0.016709426417946,-4.399920463562012,discharge,492
9,0.557085740471169,1.0738773,3.087987899780273,33.45466232299805,0.016709426417946,-4.399824619293213,discharge,492
9,0.554208392581312,1.0738773,3.088688611984253,33.45634460449219,0.016709426417946,-4.399682521820068,discharge,492
9,0.551055198116277,1.0738773,3.089389324188232,33.449222564697266,0.016709426417946,-4.399718284606934,discharge,492
9,0.547712004031732,1.0738773,3.090090036392212,33.43603515625,0.016709426417946,-4.399876594543457,discharge,492
9,0.54463791796153,1.0738773,3.090790748596191,33.423095703125,0.016709426417946,-4.399932861328125,discharge,492
9,0.541648722453783,1.0738773,3.091491460800171,33.41023254394531,0.016709426417946,-4.399956703186035,discharge,492
9,0.538175531338356,1.0738773,3.09219217300415,33.39060974121094,0.016709426417946,-4.399937152862549,discharge,492
9,0.534549350797196,1.0738773,3.09289288520813,33.36859893798828,0.016709426417946,-4.399904251098633,discharge,492
9,0.531816143555783,1.0738773,3.093593597412109,33.353515625,0.016709426417946,-4.399961471557617,discharge,492
9,0.5290829363143701,1.0738773,3.094294309616089,33.338436126708984,0.016709426417946,-4.40001916885376,discharge,492
9,0.5260297491603331,1.0738773,3.094995021820068,33.34331130981445,0.016709426417946,-4.400000095367432,discharge,492
9,0.52290006209865,1.0738773,3.095695734024048,33.35295486450195,0.016709426417946,-4.39996337890625,discharge,492
9,0.5196139360599791,1.0738773,3.096396446228027,33.33351516723633,0.016709426417946,-4.400003433227539,discharge,492
9,0.5163024493773061,1.0738773,3.097097158432007,33.309104919433594,0.016709426417946,-4.400054931640625,discharge,492
9,0.513268868531729,1.0738773,3.097797870635986,33.29999923706055,0.016709426417946,-4.399809837341309,discharge,492
9,0.510235287686149,1.0738773,3.098498582839966,33.2908935546875,0.016709426417946,-4.399564266204834,discharge,492
9,0.506933539584568,1.0738773,3.099199295043945,33.27909469604492,0.016709426417946,-4.399714946746826,discharge,492
9,0.50360287301758,1.0738773,3.099900007247925,33.28416061401367,0.016709426417946,-4.399842739105225,discharge,492
9,0.5001065374108561,1.0738773,3.100600719451904,33.235015869140625,0.016709426417946,-4.399794101715088,discharge,492
9,0.49673222565685804,1.0738773,3.101301193237304,33.20161437988281,0.016709426417946,-4.399806976318359,discharge,492
9,0.49355312759595105,1.0738773,3.102001905441284,33.193389892578125,0.016709426417946,-4.399918079376221,discharge,492
9,0.49047217607019206,1.0738773,3.102702617645263,33.189483642578125,0.016709426417946,-4.399958610534668,discharge,492
9,0.48750449480329705,1.0738773,3.103403329849243,33.190555572509766,0.016709426417946,-4.399918079376221,discharge,492
9,0.48422483800909905,1.0738773,3.104104042053222,33.152156829833984,0.016709426417946,-4.399783134460449,discharge,492
9,0.48048423948855506,1.0738773,3.104804754257202,33.183837890625,0.016709426417946,-4.399508476257324,discharge,492
9,0.47735145523159406,1.0738773,3.105505466461181,33.147586822509766,0.016709426417946,-4.399669170379639,discharge,492
9,0.47440261519214305,1.0738773,3.106206178665161,33.09077835083008,0.016709426417946,-4.399961471557617,discharge,492
9,0.47071328971255505,1.0738773,3.10690689086914,33.10239791870117,0.016709426417946,-4.40001916885376,discharge,492
9,0.466858711929415,1.0738773,3.10760760307312,33.07421112060547,0.016709426417946,-4.399992942810059,discharge,492
9,0.463755074207356,1.0738773,3.108308315277099,33.07777786254883,0.016709426417946,-4.400047302246094,discharge,492
9,0.46060520135849303,1.0738773,3.109009027481079,33.07579803466797,0.016709426417946,-4.400104999542236,discharge,492
9,0.45727468486363504,1.0738773,3.109709739685058,33.052146911621094,0.016709426417946,-4.400175094604492,discharge,492
9,0.454069862127127,1.0738773,3.110410451889038,33.0319709777832,0.016709426417946,-4.400136947631836,discharge,492
9,0.45108367722222203,1.0738773,3.111111164093017,33.0178337097168,0.016709426417946,-4.399909019470215,discharge,492
9,0.447748148125551,1.0738773,3.111811876296997,33.006500244140625,0.016709426417946,-4.399861335754394,discharge,492
9,0.443658843902113,1.0738773,3.112512588500976,33.001220703125,0.016709426417946,-4.400200843811035,discharge,492
9,0.44031468291611703,1.0738773,3.113213300704956,32.972015380859375,0.016709426417946,-4.400254249572754,discharge,492
9,0.43713458320534504,1.0738773,3.113914012908935,32.93754577636719,0.016709426417946,-4.400244235992432,discharge,492
9,0.43376637826880704,1.0738773,3.114614725112915,32.93132019042969,0.016709426417946,-4.400105953216553,discharge,492
9,0.43035675218219704,1.0738773,3.115315198898315,32.93210220336914,0.016709426417946,-4.399971961975098,discharge,492
9,0.426752123145038,1.0738773,3.116015911102295,32.911659240722656,0.016709426417946,-4.400024890899658,discharge,492
9,0.423292781885571,1.0738773,3.116716623306274,32.896846771240234,0.016709426417946,-4.400012969970703,discharge,492
9,0.420056444026408,1.0738773,3.117417335510254,32.898475646972656,0.016709426417946,-4.39990234375,discharge,492
9,0.41654047113532305,1.0738773,3.118118047714233,32.877933502197266,0.016709426417946,-4.399773120880127,discharge,492
9,0.41275230593237106,1.0738773,3.118818759918213,32.8358039855957,0.016709426417946,-4.3996262550354,discharge,492
9,0.40884962699802,1.0738773,3.119519472122192,32.829254150390625,0.016709426417946,-4.399578094482422,discharge,492
9,0.405019722688904,1.0738773,3.120220184326172,32.82379913330078,0.016709426417946,-4.3996052742004395,discharge,492
9,0.40136696407022704,1.0738773,3.120920896530151,32.811702728271484,0.016709426417946,-4.399760723114014,discharge,492
9,0.397869508267907,1.0738773,3.121621608734131,32.80641174316406,0.016709426417946,-4.39979887008667,discharge,492
9,0.394453971406708,1.0738773,3.12232232093811,32.80470657348633,0.016709426417946,-4.399775505065918,discharge,492
9,0.39033613726233,1.0738773,3.12302303314209,32.783512115478516,0.016709426417946,-4.400194644927978,discharge,492
9,0.38643280082804504,1.0738773,3.123723745346069,32.75442123413086,0.016709426417946,-4.400425910949707,discharge,492
9,0.38298564499805404,1.0738773,3.124424457550049,32.718502044677734,0.016709426417946,-4.400294780731201,discharge,492
9,0.379320305895537,1.0738773,3.125125169754028,32.70039367675781,0.016709426417946,-4.400067329406738,discharge,492
9,0.37553287692165704,1.0738773,3.125825881958008,32.69151306152344,0.016709426417946,-4.399802207946777,discharge,492
9,0.37173060187677104,1.0738773,3.126526594161987,32.6579475402832,0.016709426417946,-4.400119781494141,discharge,492
9,0.36793534569421804,1.0738773,3.127227306365967,32.63036346435547,0.016709426417946,-4.400122165679932,discharge,492
9,0.36414981874752705,1.0738773,3.127928018569946,32.61106872558594,0.016709426417946,-4.399687767028809,discharge,492
9,0.360457816141014,1.0738773,3.128628730773926,32.586307525634766,0.016709426417946,-4.3998212814331055,discharge,492
9,0.356567584208823,1.0738773,3.129329442977905,32.5657844543457,0.016709426417946,-4.400059223175049,discharge,492
9,0.351258468613492,1.0738773,3.1300299167633048,32.581077575683594,0.016709426417946,-4.400067329406738,discharge,492
9,0.34779667796621705,1.0738773,3.130730628967285,32.57430648803711,0.016709426417946,-4.399871826171875,discharge,492
9,0.34403362334159604,1.0738773,3.131431341171264,32.55834197998047,0.016709426417946,-4.399795055389404,discharge,492
9,0.338945937139553,1.0738773,3.132132053375244,32.50722122192383,0.016709426417946,-4.400202751159668,discharge,492
9,0.335321259111483,1.0738773,3.132832765579223,32.523658752441406,0.016709426417946,-4.40004825592041,discharge,492
9,0.33159229853924405,1.0738773,3.133533477783203,32.501747131347656,0.016709426417946,-4.399961471557617,discharge,492
9,0.327619287517876,1.0738773,3.134234189987182,32.48435592651367,0.016709426417946,-4.40002965927124,discharge,492
9,0.32377727675896,1.0738773,3.134934902191162,32.441162109375,0.016709426417946,-4.400628089904785,discharge,492
9,0.319869080930792,1.0738773,3.135635614395141,32.4341926574707,0.016709426417946,-4.401130676269531,discharge,492
9,0.315387575081142,1.0738773,3.136336326599121,32.4341926574707,0.016709426417946,-4.400243759155273,discharge,492
9,0.310788883472777,1.0738773,3.1370370388031,32.4128303527832,0.016709426417946,-4.400078296661377,discharge,492
9,0.306203600833365,1.0738773,3.13773775100708,32.38320541381836,0.016709426417946,-4.400195121765137,discharge,492
9,0.301819372290197,1.0738773,3.138438463211059,32.34833908081055,0.016709426417946,-4.400368690490723,discharge,492
9,0.298522226360161,1.0738773,3.139139175415039,32.29690933227539,0.016709426417946,-4.400210380554199,discharge,492
9,0.29468972418868905,1.0738773,3.139839887619018,32.28620910644531,0.016709426417946,-4.400074958801269,discharge,492
9,0.289508655181048,1.0738773,3.140540599822998,32.255104064941406,0.016709426417946,-4.400012016296387,discharge,492
9,0.285264985077615,1.0738773,3.141241312026977,32.21910095214844,0.016709426417946,-4.400017738342285,discharge,492
9,0.281336881623164,1.0738773,3.141942024230957,32.19546890258789,0.016709426417946,-4.400074481964111,discharge,492
9,0.277492210750836,1.0738773,3.142642736434936,32.18042755126953,0.016709426417946,-4.4001569747924805,discharge,492
9,0.2724046373049,1.0738773,3.143343448638916,32.21118927001953,0.016709426417946,-4.400260925292969,discharge,492
9,0.26819706074826705,1.0738773,3.144044160842895,32.157928466796875,0.016709426417946,-4.400014877319336,discharge,492
9,0.263927336382973,1.0738773,3.144744634628296,32.11152648925781,0.016709426417946,-4.399887561798096,discharge,492
9,0.25925841494560703,1.0738773,3.145445346832275,32.08778762817383,0.016709426417946,-4.400093078613281,discharge,492
9,0.255008607140486,1.0738773,3.146146059036255,32.06328582763672,0.016709426417946,-4.40000057220459,discharge,492
9,0.250554858092132,1.0738773,3.146846771240234,32.07282257080078,0.016709426417946,-4.399795055389404,discharge,492
9,0.24602733283892503,1.0738773,3.147547483444214,32.031822204589844,0.016709426417946,-4.39965009689331,discharge,492
9,0.241670912992538,1.0738773,3.148248195648193,31.950788497924805,0.016709426417946,-4.39987850189209,discharge,492
9,0.236888407765058,1.0738773,3.148948907852173,31.961753845214844,0.016709426417946,-4.4000654220581055,discharge,492
9,0.23229054151517,1.0738773,3.149649620056152,31.918386459350586,0.016709426417946,-4.400089263916016,discharge,492
9,0.227898679120337,1.0738773,3.150350332260132,31.88783073425293,0.016709426417946,-4.399985790252685,discharge,492
9,0.22363996302830602,1.0738773,3.151051044464111,31.8743839263916,0.016709426417946,-4.399796962738037,discharge,492
9,0.21940367259029903,1.0738773,3.151751756668091,31.84010887145996,0.016709426417946,-4.400008201599121,discharge,492
9,0.215036146105435,1.0738773,3.15245246887207,31.819360733032227,0.016709426417946,-4.400081157684326,discharge,492
9,0.21038891193344703,1.0738773,3.15315318107605,31.83658218383789,0.016709426417946,-4.399652481079102,discharge,492
9,0.20548491319206802,1.0738773,3.153853893280029,31.771638870239258,0.016709426417946,-4.39975643157959,discharge,492
9,0.20144460374796203,1.0738773,3.154554605484009,31.721538543701172,0.016709426417946,-4.39989423751831,discharge,492
9,0.197432675126566,1.0738773,3.155255317687988,31.68120765686035,0.016709426417946,-4.40000581741333,discharge,492
9,0.19205560213198303,1.0738773,3.155956029891967,31.671293258666992,0.016709426417946,-4.399905204772949,discharge,492
9,0.18813447145859602,1.0738773,3.156656742095947,31.596635818481445,0.016709426417946,-4.400001525878906,discharge,492
9,0.18361411795834,1.0738773,3.157357454299926,31.58111000061035,0.016709426417946,-4.399933815002441,discharge,492
9,0.178749960142564,1.0738773,3.158058166503906,31.557723999023438,0.016709426417946,-4.399781703948975,discharge,492
9,0.17483415284310702,1.0738773,3.158758640289306,31.564516067504883,0.016709426417946,-4.399917125701904,discharge,492
9,0.170246406990942,1.0738773,3.159459352493286,31.486207962036133,0.016709426417946,-4.400010108947754,discharge,492
9,0.165932414835915,1.0738773,3.160160064697265,31.47002601623535,0.016709426417946,-4.400030136108398,discharge,492
9,0.162233142029684,1.0738773,3.160860776901245,31.407337188720703,0.016709426417946,-4.399984359741211,discharge,492
9,0.15835702456026302,1.0738773,3.161561489105224,31.373435974121094,0.016709426417946,-4.400120735168457,discharge,492
9,0.15441286123064102,1.0738773,3.162262201309204,31.37666130065918,0.016709426417946,-4.400223255157471,discharge,492
9,0.150390776718372,1.0738773,3.162962913513183,31.300987243652344,0.016709426417946,-4.400082588195801,discharge,492
9,0.14639199825699,1.0738773,3.163663625717163,31.30286979675293,0.016709426417946,-4.400478839874268,discharge,492
9,0.14246492540934502,1.0738773,3.164364337921142,31.279273986816406,0.016709426417946,-4.400866508483887,discharge,492
9,0.13880010283385702,1.0738773,3.165065050125122,31.274816513061523,0.016709426417946,-4.400367736816406,discharge,492
9,0.135162328023195,1.0738773,3.165765762329101,31.23193359375,0.016709426417946,-4.40009069442749,discharge,492
9,0.131549325088427,1.0738773,3.166466474533081,31.15385627746582,0.016709426417946,-4.40001630783081,discharge,492
9,0.127961099339705,1.0738773,3.16716718673706,31.179946899414062,0.016709426417946,-4.400070667266846,discharge,492
9,0.124374022547516,1.0738773,3.16786789894104,31.142194747924805,0.016709426417946,-4.400142669677734,discharge,492
9,0.12075805382294101,1.0738773,3.168568611145019,31.156288146972656,0.016709426417946,-4.400146484375,discharge,492
9,0.117313043882244,1.0738773,3.169269323348999,31.136051177978516,0.016709426417946,-4.400096416473389,discharge,492
9,0.11409559221691201,1.0738773,3.169970035552978,31.07012176513672,0.016709426417946,-4.399973392486572,discharge,492
9,0.111023509898652,1.0738773,3.170670747756958,31.054569244384766,0.016709426417946,-4.399954319000244,discharge,492
9,0.10808015837456302,1.0738773,3.171371459960937,31.04462242126465,0.016709426417946,-4.400026798248291,discharge,492
9,0.10519105495637701,1.0738773,3.172072172164917,31.01997947692871,0.016709426417946,-4.400082111358643,discharge,492
9,0.102368068034037,1.0738773,3.172772884368896,30.977428436279297,0.016709426417946,-4.40011739730835,discharge,492
9,0.099614859540415,1.0738773,3.173473358154297,30.94129180908203,0.016709426417946,-4.400156021118164,discharge,492
9,0.097036451539887,1.0738773,3.174174070358276,30.921228408813477,0.016709426417946,-4.400204658508301,discharge,492
9,0.09445804353935901,1.0738773,3.174874782562256,30.901166915893555,0.016709426417946,-4.4002532958984375,discharge,492
9,0.09180925637060901,1.0738773,3.175575494766235,30.917266845703125,0.016709426417946,-4.400152683258057,discharge,492
9,0.08915387967188701,1.0738773,3.176276206970215,30.904483795166016,0.016709426417946,-4.400038242340088,discharge,492
9,0.08681212593006801,1.0738773,3.176976919174194,30.847774505615234,0.016709426417946,-4.400024890899658,discharge,492
9,0.084674209806401,1.0738773,3.177677631378174,30.819276809692383,0.016709426417946,-4.40007734298706,discharge,492
9,0.082536293682734,1.0738773,3.178378343582153,30.79077911376953,0.016709426417946,-4.400129795074463,discharge,492
9,0.080594275785275,1.0738773,3.179079055786133,30.846406936645508,0.016709426417946,-4.400152206420898,discharge,492
9,0.07871924082699401,1.0738773,3.179779767990112,30.821395874023438,0.016709426417946,-4.400164127349853,discharge,492
9,0.076844205868713,1.0738773,3.180480480194092,30.796384811401367,0.016709426417946,-4.400176525115967,discharge,492
9,0.075035564510079,1.0738773,3.181181192398071,30.780471801757812,0.016709426417946,-4.400166034698486,discharge,492
9,0.073297273784034,1.0738773,3.181881904602051,30.774198532104492,0.016709426417946,-4.400132179260254,discharge,492
9,0.07155898305798901,1.0738773,3.18258261680603,30.76792335510254,0.016709426417946,-4.400097846984863,discharge,492
9,0.069820692331944,1.0738773,3.183283329010009,30.76165008544922,0.016709426417946,-4.400063514709473,discharge,492
9,0.068405491791131,1.0738773,3.183984041213989,30.734848022460938,0.016709426417946,-4.400001049041748,discharge,492
9,0.06700075446587,1.0738773,3.184684753417968,30.716039657592773,0.016709426417946,-4.399938106536865,discharge,492
9,0.065596017140611,1.0738773,3.1853854656219482,30.697229385375977,0.016709426417946,-4.399874687194824,discharge,492
9,0.064191279815349,1.0738773,3.186086177825927,30.678421020507812,0.016709426417946,-4.399811267852783,discharge,492
9,0.062865876925441,1.0738773,3.1867868900299072,30.741697311401367,0.016709426417946,-4.399813652038574,discharge,492
9,0.061591939778838006,1.0738773,3.187487602233886,30.709125518798828,0.016709426417946,-4.399858474731445,discharge,492
9,0.060318002632236,1.0738773,3.188188076019287,30.676555633544922,0.016709426417946,-4.399903297424316,discharge,492
9,0.059044065485634005,1.0738773,3.188888788223266,30.643983840942383,0.016709426417946,-4.399947643280029,discharge,492
9,0.05777012833903201,1.0738773,3.189589500427246,30.611412048339844,0.016709426417946,-4.3999924659729,discharge,492
9,0.056791121974813,1.0738773,3.190290212631225,30.663082122802734,0.016709426417946,-4.399969100952148,discharge,492
9,0.055880568046772,1.0738773,3.190990924835205,30.653303146362305,0.016709426417946,-4.399929523468018,discharge,492
9,0.054970014118732,1.0738773,3.191691637039184,30.643522262573242,0.016709426417946,-4.399889945983887,discharge,492
9,0.054059460190691,1.0738773,3.192392349243164,30.63374137878418,0.016709426417946,-4.399850368499756,discharge,492
9,0.05314890626265,1.0738773,3.193093061447143,30.623960494995117,0.016709426417946,-4.399810791015625,discharge,492
9,0.052238352334609,1.0738773,3.193793773651123,30.614181518554688,0.016709426417946,-4.399771213531494,discharge,492
9,0.051343147012390004,1.0738773,3.194494485855102,30.605323791503906,0.016709426417946,-4.399740695953369,discharge,492
9,0.050604085851323005,1.0738773,3.195195198059082,30.605863571166992,0.016709426417946,-4.399806499481201,discharge,492
9,0.04986502469025501,1.0738773,3.195895910263061,30.606401443481445,0.016709426417946,-4.399871826171875,discharge,492
9,0.049125963529188,1.0738773,3.196596622467041,30.6069393157959,0.016709426417946,-4.399937629699707,discharge,492
9,0.04838690236812,1.0738773,3.19729733467102,30.60747718811035,0.016709426417946,-4.400003433227539,discharge,492
9,0.047647841207053,1.0738773,3.197998046875,30.608016967773438,0.016709426417946,-4.400068759918213,discharge,492
9,0.046908780045985005,1.0738773,3.198698759078979,30.60855484008789,0.016709426417946,-4.400134563446045,discharge,492
9,0.046169718884918005,1.0738773,3.199399471282959,30.609092712402344,0.016709426417946,-4.400199890136719,discharge,492
9,0.04543065772385,1.0738773,3.200100183486938,30.60963249206543,0.016709426417946,-4.400265693664551,discharge,492
9,0.044826985568922006,1.0738773,3.200800895690918,30.6053409576416,0.016709426417946,-4.400254726409912,discharge,492
9,0.044256412475032,1.0738773,3.201501607894897,30.599868774414062,0.016709426417946,-4.400224685668945,discharge,492
9,0.043685839381142004,1.0738773,3.202202320098877,30.594396591186523,0.016709426417946,-4.400194644927978,discharge,492
9,0.043115266287252006,1.0738773,3.202902793884277,30.58892250061035,0.016709426417946,-4.400164604187012,discharge,492
9,0.042544693193362,1.0738773,3.203603506088257,30.583450317382812,0.016709426417946,-4.400135040283203,discharge,492
9,0.041974120099472004,1.0738773,3.204304218292236,30.577978134155273,0.016709426417946,-4.400104999542236,discharge,492
9,0.041403547005582006,1.0738773,3.205004930496216,30.572505950927734,0.016709426417946,-4.400074958801269,discharge,492
9,0.040832973911692,1.0738773,3.205705642700195,30.567033767700195,0.016709426417946,-4.400044918060303,discharge,492
9,0.040262400817802003,1.0738773,3.206406354904175,30.561561584472656,0.016709426417946,-4.400015354156494,discharge,492
9,0.039691827723912006,1.0738773,3.207107067108154,30.556089401245117,0.016709426417946,-4.399985313415527,discharge,492
9,0.039133880933579,1.0738773,3.207807779312134,30.5510311126709,0.016709426417946,-4.39995813369751,discharge,492
9,0.038726693606951,1.0738773,3.208508491516113,30.550912857055664,0.016709426417946,-4.399965286254883,discharge,492
9,0.038319506280322005,1.0738773,3.209209203720092,30.550796508789062,0.016709426417946,-4.399972438812256,discharge,492
9,0.037912318953693,1.0738773,3.209909915924072,30.550678253173828,0.016709426417946,-4.399979591369629,discharge,492
9,0.037505131627064,1.0738773,3.210610628128051,30.550559997558594,0.016709426417946,-4.399986743927002,discharge,492
9,0.037097944300436,1.0738773,3.2113113403320312,30.55044174194336,0.016709426417946,-4.399993896484375,discharge,492
9,0.036690756973807005,1.0738773,3.21201205253601,30.550325393676758,0.016709426417946,-4.400001049041748,discharge,492
9,0.036283569647178,1.0738773,3.2127127647399902,30.550207138061523,0.016709426417946,-4.400008201599121,discharge,492
9,0.035876382320549,1.0738773,3.213413476943969,30.55008888244629,0.016709426417946,-4.400015354156494,discharge,492
9,0.035469194993920004,1.0738773,3.214114189147949,30.549970626831055,0.016709426417946,-4.400022506713867,discharge,492
9,0.035062007667292006,1.0738773,3.214814901351928,30.549854278564453,0.016709426417946,-4.40002965927124,discharge,492
9,0.034654820340663,1.0738773,3.215515613555908,30.54973602294922,0.016709426417946,-4.400036811828613,discharge,492
9,0.034247633014034,1.0738773,3.216216325759887,30.549617767333984,0.016709426417946,-4.400043964385986,discharge,492
9,0.033840445687405005,1.0738773,3.216916799545288,30.54949951171875,0.016709426417946,-4.400051116943359,discharge,492
9,0.033433258360777006,1.0738773,3.217617511749267,30.54938316345215,0.016709426417946,-4.400058269500732,discharge,492
9,0.033096339811324,1.0738773,3.218318223953247,30.51293182373047,0.016709426417946,-4.400033950805664,discharge,492
9,0.032783049429562006,1.0738773,3.219018936157226,30.515621185302734,0.016709426417946,-4.399998664855957,discharge,492
9,0.032469759047799,1.0738773,3.219719648361206,30.518308639526367,0.016709426417946,-4.39996337890625,discharge,492
9,0.032156468666036005,1.0738773,3.220420360565185,30.520998001098633,0.016709426417946,-4.399928092956543,discharge,492
9,0.031843178284273,1.0738773,3.221121072769165,30.5236873626709,0.016709426417946,-4.399892807006836,discharge,492
9,0.031529887902511,1.0738773,3.221821784973144,30.526376724243164,0.016709426417946,-4.399857521057129,discharge,492
9,0.031216597520748002,1.0738773,3.222522497177124,30.529064178466797,0.016709426417946,-4.399821758270264,discharge,492
9,0.030903307138985002,1.0738773,3.223223209381103,30.531753540039062,0.016709426417946,-4.399786472320557,discharge,492
9,0.030590016757222,1.0738773,3.223923921585083,30.534442901611328,0.016709426417946,-4.39975118637085,discharge,492
9,0.030276726375460004,1.0738773,3.224624633789062,30.537132263183594,0.016709426417946,-4.399715900421143,discharge,492
9,0.029963435993697003,1.0738773,3.225325345993042,30.539819717407227,0.016709426417946,-4.399680614471435,discharge,492
9,0.029650145611934003,1.0738773,3.226026058197021,30.542509078979492,0.016709426417946,-4.399645328521728,discharge,492
9,0.029336855230171002,1.0738773,3.226726770401001,30.545198440551758,0.016709426417946,-4.3996100425720215,discharge,492
9,0.029023564848409,1.0738773,3.22742748260498,30.54788589477539,0.016709426417946,-4.3995747566223145,discharge,492
9,0.028739141795892,1.0738773,3.22812819480896,30.548540115356445,0.016709426417946,-4.399562358856201,discharge,492
9,0.028489319954681003,1.0738773,3.228828907012939,30.5467529296875,0.016709426417946,-4.399576663970947,discharge,492
9,0.028239498113470003,1.0738773,3.229529619216919,30.544965744018555,0.016709426417946,-4.399591445922852,discharge,492
9,0.027989676272258002,1.0738773,3.230230331420898,30.54317855834961,0.016709426417946,-4.399605751037598,discharge,492
9,0.027739854431047,1.0738773,3.230931043624878,30.541391372680664,0.016709426417946,-4.399620532989502,discharge,492
9,0.027490032589836,1.0738773,3.231631517410278,30.53960609436035,0.016709426417946,-4.399634838104248,discharge,492
9,0.027240210748625003,1.0738773,3.232332229614258,30.537818908691406,0.016709426417946,-4.399649620056152,discharge,492
9,0.026990388907414002,1.0738773,3.233032941818237,30.53603172302246,0.016709426417946,-4.399663925170898,discharge,492
9,0.026740567066202002,1.0738773,3.233733654022217,30.534244537353516,0.016709426417946,-4.399678707122803,discharge,492
9,0.026490745224991,1.0738773,3.234434366226196,30.53245735168457,0.016709426417946,-4.399693012237549,discharge,492
9,0.026240923383780004,1.0738773,3.2351350784301762,30.530670166015625,0.016709426417946,-4.399707317352295,discharge,492
9,0.025991101542569003,1.0738773,3.235835790634155,30.52888298034668,0.016709426417946,-4.399722099304199,discharge,492
9,0.025741279701358002,1.0738773,3.236536502838134,30.527097702026367,0.016709426417946,-4.399736404418945,discharge,492
9,0.025491457860146,1.0738773,3.237237215042114,30.525310516357422,0.016709426417946,-4.39975118637085,discharge,492
9,0.025246311304428,1.0738773,3.237937927246093,30.52307891845703,0.016709426417946,-4.399764060974121,discharge,492
9,0.025040242572728,1.0738773,3.2386386394500732,30.517127990722656,0.016709426417946,-4.399766445159912,discharge,492
9,0.024834173841029,1.0738773,3.239339351654052,30.511178970336914,0.016709426417946,-4.399768352508545,discharge,492
9,0.024628105109329,1.0738773,3.2400400638580322,30.505229949951172,0.016709426417946,-4.399770259857178,discharge,492
9,0.024422036377629002,1.0738773,3.240740776062011,30.499279022216797,0.016709426417946,-4.399772644042969,discharge,492
9,0.024215967645930002,1.0738773,3.241441488265991,30.493330001831055,0.016709426417946,-4.399774551391602,discharge,492
9,0.024009898914230002,1.0738773,3.24214220046997,30.48737907409668,0.016709426417946,-4.399776458740234,discharge,492
9,0.023803830182531002,1.0738773,3.24284291267395,30.481430053710938,0.016709426417946,-4.399778366088867,discharge,492
9,0.023597761450831003,1.0738773,3.243543624877929,30.475481033325195,0.016709426417946,-4.399780750274658,discharge,492
9,0.023391692719132003,1.0738773,3.244244337081909,30.46953010559082,0.016709426417946,-4.399782657623291,discharge,492
9,0.023185623987432003,1.0738773,3.244945049285888,30.463581085205078,0.016709426417946,-4.399784564971924,discharge,492
9,0.022979555255732,1.0738773,3.245645761489868,30.457632064819336,0.016709426417946,-4.399786472320557,discharge,492
9,0.022773486524033,1.0738773,3.246346235275268,30.45168113708496,0.016709426417946,-4.399788856506348,discharge,492
9,0.022567417792333,1.0738773,3.247046947479248,30.44573211669922,0.016709426417946,-4.3997907638549805,discharge,492
9,0.022361349060634,1.0738773,3.247747659683227,30.439783096313477,0.016709426417946,-4.399792671203613,discharge,492
9,0.022179957281514003,1.0738773,3.248448371887207,30.438518524169922,0.016709426417946,-4.39979887008667,discharge,492
9,0.022004904124347,1.0738773,3.249149084091186,30.438457489013672,0.016709426417946,-4.399806499481201,discharge,492
9,0.02182985096718,1.0738773,3.249849796295166,30.438398361206055,0.016709426417946,-4.399813652038574,discharge,492
9,0.021654797810013,1.0738773,3.250550508499145,30.438337326049805,0.016709426417946,-4.3998212814331055,discharge,492
9,0.021479744652845002,1.0738773,3.251251220703125,30.438276290893555,0.016709426417946,-4.399828433990478,discharge,492
9,0.021304691495678003,1.0738773,3.251951932907104,30.438217163085938,0.016709426417946,-4.39983606338501,discharge,492
9,0.021129638338511003,1.0738773,3.252652645111084,30.438156127929688,0.016709426417946,-4.399843215942383,discharge,492
9,0.020954585181344,1.0738773,3.253353357315063,30.438095092773438,0.016709426417946,-4.399850845336914,discharge,492
9,0.020779532024177,1.0738773,3.254054069519043,30.43803596496582,0.016709426417946,-4.399857997894287,discharge,492
9,0.02060447886701,1.0738773,3.254754781723022,30.43797492980957,0.016709426417946,-4.399865627288818,discharge,492
9,0.020429425709842002,1.0738773,3.255455493927002,30.43791389465332,0.016709426417946,-4.399872779846191,discharge,492
9,0.020254372552675003,1.0738773,3.256156206130981,30.437854766845703,0.016709426417946,-4.399880409240723,discharge,492
9,0.020079319395508003,1.0738773,3.256856918334961,30.437793731689453,0.016709426417946,-4.399887561798096,discharge,492
9,0.019904266238341,1.0738773,3.25755763053894,30.437732696533203,0.016709426417946,-4.399895191192627,discharge,492
9,0.019739801599380002,1.0738773,3.25825834274292,30.437698364257812,0.016709426417946,-4.399904727935791,discharge,492
9,0.019589932963553002,1.0738773,3.258959054946899,30.437698364257812,0.016709426417946,-4.399916648864746,discharge,492
9,0.019440064327726003,1.0738773,3.259659767150879,30.437698364257812,0.016709426417946,-4.399929046630859,discharge,492
9,0.019290195691899003,1.0738773,3.260360479354858,30.437698364257812,0.016709426417946,-4.399941444396973,discharge,492
9,0.019140327056072,1.0738773,3.261060953140259,30.437698364257812,0.016709426417946,-4.399953365325928,discharge,492
9,0.018990458420245,1.0738773,3.261761665344238,30.437698364257812,0.016709426417946,-4.399965763092041,discharge,492
9,0.018840589784418,1.0738773,3.262462377548217,30.437698364257812,0.016709426417946,-4.399977684020996,discharge,492
9,0.018690721148591,1.0738773,3.2631630897521973,30.437698364257812,0.016709426417946,-4.399990081787109,discharge,492
9,0.018540852512764,1.0738773,3.263863801956176,30.437698364257812,0.016709426417946,-4.400002479553223,discharge,492
9,0.018390983876937002,1.0738773,3.2645645141601562,30.437698364257812,0.016709426417946,-4.400014400482178,discharge,492
9,0.018241115241110002,1.0738773,3.265265226364135,30.437698364257812,0.016709426417946,-4.400026798248291,discharge,492
9,0.018091246605283003,1.0738773,3.2659659385681152,30.437698364257812,0.016709426417946,-4.400038719177246,discharge,492
9,0.017941377969456003,1.0738773,3.266666650772094,30.437698364257812,0.016709426417946,-4.400051116943359,discharge,492
9,0.017791509333628,1.0738773,3.267367362976074,30.437698364257812,0.016709426417946,-4.400063514709473,discharge,492
9,0.017641809102333,1.0738773,3.268068075180053,30.43770980834961,0.016709426417946,-4.400075435638428,discharge,492
9,0.017509024687643003,1.0738773,3.268768787384033,30.438955307006836,0.016709426417946,-4.400073051452637,discharge,492
9,0.017376240272953,1.0738773,3.269469499588012,30.44019889831543,0.016709426417946,-4.400070667266846,discharge,492
9,0.017243455858263,1.0738773,3.270170211791992,30.441442489624023,0.016709426417946,-4.400068283081055,discharge,492
9,0.017110671443573002,1.0738773,3.270870923995971,30.442686080932617,0.016709426417946,-4.400065898895264,discharge,492
9,0.016977887028882,1.0738773,3.271571636199951,30.443931579589844,0.016709426417946,-4.400063514709473,discharge,492
9,0.016845102614192,1.0738773,3.2722723484039298,30.445175170898438,0.016709426417946,-4.400061130523682,discharge,492
9,0.016712318199502002,1.0738773,3.27297306060791,30.44641876220703,0.016709426417946,-4.400058746337891,discharge,492
9,0.016579533784812,1.0738773,3.273673772811889,30.447662353515625,0.016709426417946,-4.4000563621521,discharge,492
9,0.016446749370122003,1.0738773,3.274374485015869,30.44890785217285,0.016709426417946,-4.400053977966309,discharge,492
9,0.016313964955432,1.0738773,3.275074958801269,30.450151443481445,0.016709426417946,-4.400051593780518,discharge,492
9,0.016181180540742,1.0738773,3.275775671005249,30.45139503479004,0.016709426417946,-4.400049209594727,discharge,492
9,0.016048396126051002,1.0738773,3.276476383209228,30.452638626098633,0.016709426417946,-4.400046825408935,discharge,492
9,0.015915611711361,1.0738773,3.277177095413208,30.45388412475586,0.016709426417946,-4.400044441223144,discharge,492
9,0.015782827296671,1.0738773,3.277877807617187,30.455127716064453,0.016709426417946,-4.400042057037353,discharge,492
9,0.015657981558511003,1.0738773,3.278578519821167,30.455751419067383,0.016709426417946,-4.400047302246094,discharge,492
9,0.015541120326812001,1.0738773,3.279279232025146,30.455751419067383,0.016709426417946,-4.400060653686523,discharge,492
9,0.015424259095113002,1.0738773,3.279979944229126,30.455751419067383,0.016709426417946,-4.400074481964111,discharge,492
9,0.015307397863414,1.0738773,3.280680656433105,30.455751419067383,0.016709426417946,-4.400087833404541,discharge,492
9,0.015190536631715,1.0738773,3.281381368637085,30.455751419067383,0.016709426417946,-4.400101184844971,discharge,492
9,0.015073675400017,1.0738773,3.282082080841064,30.455751419067383,0.016709426417946,-4.400115013122559,discharge,492
9,0.014956814168318,1.0738773,3.282782793045044,30.455751419067383,0.016709426417946,-4.400128364562988,discharge,492
9,0.014839952936619001,1.0738773,3.283483505249023,30.455751419067383,0.016709426417946,-4.400141716003418,discharge,492
9,0.014723091704920001,1.0738773,3.284184217453003,30.455751419067383,0.016709426417946,-4.400155544281006,discharge,492
9,0.014606230473221002,1.0738773,3.284884929656982,30.455751419067383,0.016709426417946,-4.400168895721435,discharge,492
9,0.014489369241522,1.0738773,3.285585641860962,30.455751419067383,0.016709426417946,-4.400182247161865,discharge,492
9,0.014372508009823001,1.0738773,3.286286354064941,30.455751419067383,0.016709426417946,-4.400196075439453,discharge,492
9,0.014255646778124001,1.0738773,3.286987066268921,30.455751419067383,0.016709426417946,-4.400209426879883,discharge,492
9,0.014138785546425002,1.0738773,3.2876877784729,30.455751419067383,0.016709426417946,-4.4002227783203125,discharge,492
9,0.014022904871449,1.0738773,3.28838849067688,30.455564498901367,0.016709426417946,-4.400234699249268,discharge,492
9,0.013916694482625001,1.0738773,3.289089202880859,30.453535079956055,0.016709426417946,-4.400228023529053,discharge,492
9,0.0138104840938,1.0738773,3.289789676666259,30.451505661010742,0.016709426417946,-4.400221347808838,discharge,492
9,0.013704273704975001,1.0738773,3.2904903888702393,30.44947624206543,0.016709426417946,-4.400214672088623,discharge,492
9,0.01359806331615,1.0738773,3.291191101074218,30.447446823120117,0.016709426417946,-4.400207996368408,discharge,492
9,0.013491852927326001,1.0738773,3.2918918132781982,30.445417404174805,0.016709426417946,-4.400201320648193,discharge,492
9,0.013385642538501,1.0738773,3.292592525482177,30.443387985229492,0.016709426417946,-4.400194644927978,discharge,492
9,0.013279432149676001,1.0738773,3.2932932376861572,30.44135856628418,0.016709426417946,-4.400187969207764,discharge,492
9,0.013173221760851,1.0738773,3.293993949890136,30.439329147338867,0.016709426417946,-4.400181293487549,discharge,492
9,0.013067011372027001,1.0738773,3.294694662094116,30.437299728393555,0.016709426417946,-4.400174617767334,discharge,492
9,0.012960800983202,1.0738773,3.295395374298095,30.435270309448242,0.016709426417946,-4.400167942047119,discharge,492
9,0.012854590594377002,1.0738773,3.296096086502075,30.43324089050293,0.016709426417946,-4.400161266326904,discharge,492
9,0.012748380205552001,1.0738773,3.296796798706054,30.431211471557617,0.016709426417946,-4.4001545906066895,discharge,492
9,0.012642169816728001,1.0738773,3.297497510910034,30.429182052612305,0.016709426417946,-4.400147914886475,discharge,492
9,0.012535959427903,1.0738773,3.298198223114013,30.427152633666992,0.016709426417946,-4.40014123916626,discharge,492
9,0.012437442561281,1.0738773,3.298898935317993,30.425811767578125,0.016709426417946,-4.400143623352051,discharge,492
9,0.012341477961141,1.0738773,3.299599647521972,30.424699783325195,0.016709426417946,-4.400148868560791,discharge,492
9,0.012245513361,1.0738773,3.300300359725952,30.423587799072266,0.016709426417946,-4.4001545906066895,discharge,492
9,0.012149548760860001,1.0738773,3.301001071929931,30.422475814819336,0.016709426417946,-4.40015983581543,discharge,492
9,0.01205358416072,1.0738773,3.301701784133911,30.421363830566406,0.016709426417946,-4.40016508102417,discharge,492
9,0.011957619560580002,1.0738773,3.30240249633789,30.420251846313477,0.016709426417946,-4.40017032623291,discharge,492
9,0.011861654960440001,1.0738773,3.30310320854187,30.419139862060547,0.016709426417946,-4.40017557144165,discharge,492
9,0.011765690360299001,1.0738773,3.303803920745849,30.418027877807617,0.016709426417946,-4.400180816650391,discharge,492
9,0.011669725760159,1.0738773,3.30450439453125,30.416915893554688,0.016709426417946,-4.400186061859131,discharge,492
9,0.011573761160019002,1.0738773,3.305205106735229,30.415803909301758,0.016709426417946,-4.400191783905029,discharge,492
9,0.011477796559879001,1.0738773,3.305905818939209,30.414691925048828,0.016709426417946,-4.400197029113769,discharge,492
9,0.011381831959739,1.0738773,3.306606531143188,30.4135799407959,0.016709426417946,-4.40020227432251,discharge,492
9,0.011285867359598,1.0738773,3.307307243347168,30.41246795654297,0.016709426417946,-4.40020751953125,discharge,492
9,0.011189902759458002,1.0738773,3.308007955551147,30.41135597229004,0.016709426417946,-4.40021276473999,discharge,492
9,0.011098763300536002,1.0738773,3.308708667755127,30.426143646240234,0.016709426417946,-4.400218963623047,discharge,492
9,0.011013193914201,1.0738773,3.309409379959106,30.42505645751953,0.016709426417946,-4.400226593017578,discharge,492
9,0.010927624527866001,1.0738773,3.310110092163086,30.42397117614746,0.016709426417946,-4.400234222412109,discharge,492
9,0.010842055141531,1.0738773,3.310810804367065,30.42288589477539,0.016709426417946,-4.400241851806641,discharge,492
9,0.010756485755196001,1.0738773,3.311511516571045,30.421798706054688,0.016709426417946,-4.400249481201172,discharge,492
9,0.010670916368861002,1.0738773,3.312212228775024,30.420713424682617,0.016709426417946,-4.400257110595703,discharge,492
9,0.010585346982526,1.0738773,3.312912940979004,30.419626235961914,0.016709426417946,-4.400264739990234,discharge,492
9,0.010499777596192,1.0738773,3.313613653182983,30.418540954589844,0.016709426417946,-4.400272369384766,discharge,492
9,0.010414208209857001,1.0738773,3.314314365386963,30.417455673217773,0.016709426417946,-4.400279998779297,discharge,492
9,0.010328638823522,1.0738773,3.315015077590942,30.41636848449707,0.016709426417946,-4.400287628173828,discharge,492
9,0.010243069437187,1.0738773,3.315715789794922,30.415283203125,0.016709426417946,-4.400295257568359,discharge,492
9,0.010157500050852001,1.0738773,3.316416501998901,30.41419792175293,0.016709426417946,-4.400302886962891,discharge,492
9,0.010071930664517,1.0738773,3.317117214202881,30.413110733032227,0.016709426417946,-4.400310516357422,discharge,492
9,0.009986361278182001,1.0738773,3.31781792640686,30.412025451660156,0.016709426417946,-4.400318145751953,discharge,492
9,0.009900791891847002,1.0738773,3.31851840019226,30.410938262939453,0.016709426417946,-4.400325775146484,discharge,492
9,0.009821155407513,1.0738773,3.3192191123962402,30.4107608795166,0.016709426417946,-4.4003143310546875,discharge,492
9,0.009742684283542,1.0738773,3.319919824600219,30.4107608795166,0.016709426417946,-4.400299072265625,discharge,492
9,0.009664213159572001,1.0738773,3.320620536804199,30.4107608795166,0.016709426417946,-4.4002838134765625,discharge,492
9,0.009585742035601,1.0738773,3.321321249008178,30.4107608795166,0.016709426417946,-4.400268077850342,discharge,492
9,0.00950727091163,1.0738773,3.322021961212158,30.4107608795166,0.016709426417946,-4.400252819061279,discharge,492
9,0.009428799787659,1.0738773,3.322722673416137,30.4107608795166,0.016709426417946,-4.400237560272217,discharge,492
9,0.009350328663688,1.0738773,3.323423385620117,30.4107608795166,0.016709426417946,-4.400222301483154,discharge,492
9,0.009271857539717,1.0738773,3.324124097824096,30.4107608795166,0.016709426417946,-4.400207042694092,discharge,492
9,0.009193386415746001,1.0738773,3.324824810028076,30.4107608795166,0.016709426417946,-4.400191307067871,discharge,492
9,0.009114915291776,1.0738773,3.3255255222320548,30.4107608795166,0.016709426417946,-4.400176048278809,discharge,492
9,0.009036444167805,1.0738773,3.326226234436035,30.4107608795166,0.016709426417946,-4.400160789489746,discharge,492
9,0.008957973043834,1.0738773,3.326926946640014,30.4107608795166,0.016709426417946,-4.400145530700684,discharge,492
9,0.008879501919863001,1.0738773,3.327627658843994,30.4107608795166,0.016709426417946,-4.400130271911621,discharge,492
9,0.008801030795892001,1.0738773,3.328328371047973,30.4107608795166,0.016709426417946,-4.400115013122559,discharge,492
9,0.008724701323164,1.0738773,3.329029083251953,30.4107608795166,0.016709426417946,-4.400104999542236,discharge,492
9,0.008654159686666,1.0738773,3.329729795455932,30.4107608795166,0.016709426417946,-4.400110721588135,discharge,492
9,0.008583618050168001,1.0738773,3.330430507659912,30.4107608795166,0.016709426417946,-4.400116443634033,discharge,492
9,0.008513076413669001,1.0738773,3.331131219863891,30.4107608795166,0.016709426417946,-4.400122165679932,discharge,492
9,0.008442534777171001,1.0738773,3.331831932067871,30.4107608795166,0.016709426417946,-4.40012788772583,discharge,492
9,0.008371993140673,1.0738773,3.33253264427185,30.4107608795166,0.016709426417946,-4.400133609771728,discharge,492
9,0.008301451504175,1.0738773,3.333233118057251,30.4107608795166,0.016709426417946,-4.400139331817627,discharge,492
9,0.008230909867677001,1.0738773,3.33393383026123,30.4107608795166,0.016709426417946,-4.400145053863525,discharge,492
9,0.008160368231179,1.0738773,3.33463454246521,30.4107608795166,0.016709426417946,-4.400150775909424,discharge,492
9,0.008089826594681,1.0738773,3.335335254669189,30.4107608795166,0.016709426417946,-4.400156497955322,discharge,492
9,0.008019284958183001,1.0738773,3.336035966873169,30.4107608795166,0.016709426417946,-4.400162220001221,discharge,492
9,0.007948743321685001,1.0738773,3.336736679077148,30.4107608795166,0.016709426417946,-4.400167942047119,discharge,492
9,0.007878201685187,1.0738773,3.337437391281128,30.4107608795166,0.016709426417946,-4.400173664093018,discharge,492
9,0.007807660048688001,1.0738773,3.338138103485107,30.4107608795166,0.016709426417946,-4.400179386138916,discharge,492
9,0.00773711841219,1.0738773,3.338838815689087,30.4107608795166,0.016709426417946,-4.4001851081848145,discharge,492
9,0.007616047885234001,1.0738773,3.339539527893066,30.412506103515625,0.016709426417946,-4.400180816650391,discharge,492
9,0.007493107020971001,1.0738773,3.340240240097046,30.41431427001953,0.016709426417946,-4.400176525115967,discharge,492
9,0.007370166156708001,1.0738773,3.340940952301025,30.416122436523438,0.016709426417946,-4.400171756744385,discharge,492
9,0.007247225292445001,1.0738773,3.341641664505005,30.417932510375977,0.016709426417946,-4.400167465209961,discharge,492
9,0.007124284428182001,1.0738773,3.342342376708984,30.419740676879883,0.016709426417946,-4.400163173675537,discharge,492
9,0.007001343563919,1.0738773,3.343043088912964,30.421550750732422,0.016709426417946,-4.400158405303955,discharge,492
9,0.006878402699656,1.0738773,3.343743801116943,30.423358917236328,0.016709426417946,-4.400154113769531,discharge,492
9,0.006755461835393,1.0738773,3.344444513320923,30.425167083740234,0.016709426417946,-4.400149822235107,discharge,492
9,0.0066325209711300005,1.0738773,3.345145225524902,30.426977157592773,0.016709426417946,-4.400145530700684,discharge,492
9,0.006509580106868001,1.0738773,3.345845937728882,30.42878532409668,0.016709426417946,-4.400140762329102,discharge,492
9,0.006386639242605001,1.0738773,3.346546649932861,30.43059539794922,0.016709426417946,-4.400136470794678,discharge,492
9,0.006263698378342001,1.0738773,3.347247362136841,30.432403564453125,0.016709426417946,-4.400132179260254,discharge,492
9,0.006140757514079001,1.0738773,3.347947835922241,30.434213638305664,0.016709426417946,-4.400127410888672,discharge,492
9,0.006017816649816,1.0738773,3.34864854812622,30.43602180480957,0.016709426417946,-4.400123119354248,discharge,492
9,0.005964791899999,1.0738773,3.3493492603302,30.43680191040039,0.016709426417946,-4.400141716003418,discharge,492
9,0.005964791899999,1.0738773,3.350049972534179,30.43680191040039,0.016709426417946,-4.400177478790283,discharge,492
9,0.005964791899999,1.0738773,3.350750684738159,30.43680191040039,0.016709426417946,-4.400213718414307,discharge,492
9,0.005964791899999,1.0738773,3.351451396942138,30.43680191040039,0.016709426417946,-4.400249481201172,discharge,492
9,0.005964791899999,1.0738773,3.352152109146118,30.43680191040039,0.016709426417946,-4.400285720825195,discharge,492
9,0.005964791899999,1.0738773,3.352852821350097,30.43680191040039,0.016709426417946,-4.40032148361206,discharge,492
9,0.005964791899999,1.0738773,3.353553533554077,30.43680191040039,0.016709426417946,-4.400357723236084,discharge,492
9,0.005964791899999,1.0738773,3.354254245758056,30.43680191040039,0.016709426417946,-4.400393486022949,discharge,492
9,0.005964791899999,1.0738773,3.354954957962036,30.43680191040039,0.016709426417946,-4.400429725646973,discharge,492
9,0.0059647919,1.0738773,3.355655670166015,30.43680191040039,0.016709426417946,-4.400465488433838,discharge,492
9,0.005964791899999,1.0738773,3.356356382369995,30.43680191040039,0.016709426417946,-4.400501728057861,discharge,492
9,0.005964791899999,1.0738773,3.357057094573974,30.43680191040039,0.016709426417946,-4.400537490844727,discharge,492
9,0.005964791899999,1.0738773,3.357757806777954,30.43680191040039,0.016709426417946,-4.40057373046875,discharge,492
9,0.0059647919,1.0738773,3.358458518981933,30.43680191040039,0.016709426417946,-4.400609493255615,discharge,492
9,0.005949292399012001,1.0738773,3.359159231185913,30.43680191040039,0.016709426417946,-4.400629997253418,discharge,492
9,0.005895871034081001,1.0738773,3.359859943389892,30.43680191040039,0.016709426417946,-4.400611877441406,discharge,492
9,0.005842449669150001,1.0738773,3.360560655593872,30.43680191040039,0.016709426417946,-4.400593757629394,discharge,492
9,0.005789028304219001,1.0738773,3.361261367797851,30.43680191040039,0.016709426417946,-4.400575637817383,discharge,492
9,0.0057356069392880005,1.0738773,3.361962080001831,30.43680191040039,0.016709426417946,-4.400557518005371,discharge,492
9,0.0056821855743570005,1.0738773,3.362662553787231,30.43680191040039,0.016709426417946,-4.400539398193359,discharge,492
9,0.0056287642094260005,1.0738773,3.363363265991211,30.43680191040039,0.016709426417946,-4.400521278381348,discharge,492
9,0.0055753428444950005,1.0738773,3.36406397819519,30.43680191040039,0.016709426417946,-4.400503158569336,discharge,492
9,0.0055219214795640004,1.0738773,3.36476469039917,30.43680191040039,0.016709426417946,-4.400485038757324,discharge,492
9,0.0054685001146340005,1.0738773,3.365465402603149,30.43680191040039,0.016709426417946,-4.4004669189453125,discharge,492
9,0.0054150787497030005,1.0738773,3.366166114807129,30.43680191040039,0.016709426417946,-4.400448799133301,discharge,492
9,0.005361657384772,1.0738773,3.366866827011108,30.43680191040039,0.016709426417946,-4.400430679321289,discharge,492
9,0.005308236019841,1.0738773,3.367567539215088,30.43680191040039,0.016709426417946,-4.400412559509277,discharge,492
9,0.00525481465491,1.0738773,3.368268251419067,30.43680191040039,0.016709426417946,-4.400394439697266,discharge,492
9,0.005201393289979,1.0738773,3.368968963623047,30.43680191040039,0.016709426417946,-4.400376319885254,discharge,492
9,0.005117764017912,1.0738773,3.369669675827026,30.43680191040039,0.016709426417946,-4.400381088256836,discharge,492
9,0.005026866692896001,1.0738773,3.370370388031006,30.43680191040039,0.016709426417946,-4.400391101837158,discharge,492
9,0.00493596936788,1.0738773,3.371071100234985,30.43680191040039,0.016709426417946,-4.4004011154174805,discharge,492
9,0.004845072042864,1.0738773,3.371771812438965,30.43680191040039,0.016709426417946,-4.400411128997803,discharge,492
9,0.004754174717849001,1.0738773,3.372472524642944,30.43680191040039,0.016709426417946,-4.400421142578125,discharge,492
9,0.004663277392833,1.0738773,3.373173236846924,30.43680191040039,0.016709426417946,-4.400431156158447,discharge,492
9,0.004572380067817,1.0738773,3.373873949050903,30.43680191040039,0.016709426417946,-4.400441169738769,discharge,492
9,0.004481482742801001,1.0738773,3.374574661254883,30.43680191040039,0.016709426417946,-4.400451183319092,discharge,492
9,0.004390585417785,1.0738773,3.375275373458862,30.43680191040039,0.016709426417946,-4.400461196899414,discharge,492
9,0.004299688092769,1.0738773,3.375976085662842,30.43680191040039,0.016709426417946,-4.400471210479736,discharge,492
9,0.0042087907677530005,1.0738773,3.376676559448242,30.43680191040039,0.016709426417946,-4.400481224060059,discharge,492
9,0.004117893442737,1.0738773,3.377377271652221,30.43680191040039,0.016709426417946,-4.400491237640381,discharge,492
9,0.004026996117721,1.0738773,3.378077983856201,30.43680191040039,0.016709426417946,-4.400501251220703,discharge,492
9,0.0039360987927050005,1.0738773,3.37877869606018,30.43680191040039,0.016709426417946,-4.400511264801025,discharge,492
9,0.0038677885,1.0738773,3.37947940826416,30.436786651611328,0.016709426417946,-4.400519371032715,discharge,492
9,0.0038677885,1.0738773,3.380180120468139,30.43672752380371,0.016709426417946,-4.400521755218506,discharge,492
9,0.003867788499999,1.0738773,3.380880832672119,30.436668395996094,0.016709426417946,-4.400523662567139,discharge,492
9,0.0038677885,1.0738773,3.381581544876098,30.436609268188477,0.016709426417946,-4.40052604675293,discharge,492
9,0.0038677885,1.0738773,3.382282257080078,30.43655014038086,0.016709426417946,-4.4005279541015625,discharge,492
9,0.0038677885,1.0738773,3.382982969284057,30.43648910522461,0.016709426417946,-4.400530338287353,discharge,492
9,0.003867788499999,1.0738773,3.383683681488037,30.436429977416992,0.016709426417946,-4.400532245635986,discharge,492
9,0.0038677885,1.0738773,3.384384393692016,30.436370849609375,0.016709426417946,-4.400534629821777,discharge,492
9,0.003867788499999,1.0738773,3.385085105895996,30.436311721801758,0.016709426417946,-4.400537014007568,discharge,492
9,0.0038677885,1.0738773,3.385785818099975,30.43625259399414,0.016709426417946,-4.400538921356201,discharge,492
9,0.003867788499999,1.0738773,3.386486530303955,30.436193466186523,0.016709426417946,-4.400541305541992,discharge,492
9,0.003867788499999,1.0738773,3.387187242507934,30.436132431030273,0.016709426417946,-4.400543212890625,discharge,492
9,0.003867788499999,1.0738773,3.387887954711914,30.436073303222656,0.016709426417946,-4.400545597076416,discharge,492
9,0.0038677885,1.0738773,3.388588666915893,30.43601417541504,0.016709426417946,-4.400547504425049,discharge,492
9,0.003867788499999,1.0738773,3.389289379119873,30.435955047607422,0.016709426417946,-4.40054988861084,discharge,492
9,0.0037905706577760004,1.0738773,3.389990091323852,30.436758041381836,0.016709426417946,-4.400551795959473,discharge,492
9,0.0036865927806030005,1.0738773,3.390690803527832,30.43669891357422,0.016709426417946,-4.400554180145264,discharge,492
9,0.0035826149034290005,1.0738773,3.391391277313232,30.436641693115234,0.016709426417946,-4.4005560874938965,discharge,492
9,0.003478637026256,1.0738773,3.392091989517212,30.436582565307617,0.016709426417946,-4.4005584716796875,discharge,492
9,0.003374659149083,1.0738773,3.392792701721191,30.4365234375,0.016709426417946,-4.40056037902832,discharge,492
9,0.0032706812719100003,1.0738773,3.393493413925171,30.436464309692383,0.016709426417946,-4.400562763214111,discharge,492
9,0.0031667033947360003,1.0738773,3.39419412612915,30.4364070892334,0.016709426417946,-4.400564670562744,discharge,492
9,0.0030627255175630004,1.0738773,3.39489483833313,30.43634796142578,0.016709426417946,-4.400567054748535,discharge,492
9,0.0029587476403900004,1.0738773,3.395595550537109,30.436288833618164,0.016709426417946,-4.400568962097168,discharge,492
9,0.002854769763217,1.0738773,3.396296262741089,30.436229705810547,0.016709426417946,-4.400571346282959,discharge,492
9,0.002750791886044,1.0738773,3.396996974945068,30.43617057800293,0.016709426417946,-4.400573253631592,discharge,492
9,0.00264681400887,1.0738773,3.397697687149048,30.436113357543945,0.016709426417946,-4.400575637817383,discharge,492
9,0.0025428361316970002,1.0738773,3.398398399353027,30.436054229736328,0.016709426417946,-4.400577545166016,discharge,492
9,0.0024388582545240003,1.0738773,3.399099111557007,30.43599510192871,0.016709426417946,-4.400579929351807,discharge,492
9,0.0023405375,1.0738773,3.399799823760986,30.43593978881836,0.016709426417946,-4.4005818367004395,discharge,492
9,0.0023405375,1.0738773,3.400500535964966,30.43593978881836,0.016709426417946,-4.4005842208862305,discharge,492
9,0.0023405375,1.0738773,3.401201248168945,30.43593978881836,0.016709426417946,-4.4005866050720215,discharge,492
9,0.0023405375,1.0738773,3.401901960372925,30.43593978881836,0.016709426417946,-4.400589466094971,discharge,492
9,0.0023405375,1.0738773,3.402602672576904,30.43593978881836,0.016709426417946,-4.400591850280762,discharge,492
9,0.0023405375,1.0738773,3.403303384780884,30.43593978881836,0.016709426417946,-4.400594234466553,discharge,492
9,0.0023405375,1.0738773,3.404004096984863,30.43593978881836,0.016709426417946,-4.400596618652344,discharge,492
9,0.0023405375,1.0738773,3.404704809188842,30.43593978881836,0.016709426417946,-4.400599002838135,discharge,492
9,0.0023405375,1.0738773,3.4054055213928223,30.43593978881836,0.016709426417946,-4.400601387023926,discharge,492
9,0.0023405375,1.0738773,3.406105995178222,30.43593978881836,0.016709426417946,-4.400603771209717,discharge,492
9,0.0023405375,1.0738773,3.406806707382202,30.43593978881836,0.016709426417946,-4.400606155395508,discharge,492
9,0.0023405375,1.0738773,3.407507419586181,30.43593978881836,0.016709426417946,-4.400608539581299,discharge,492
9,0.0023405375,1.0738773,3.408208131790161,30.43593978881836,0.016709426417946,-4.400611400604248,discharge,492
9,0.0023405375,1.0738773,3.40890884399414,30.43593978881836,0.016709426417946,-4.400613784790039,discharge,492
9,0.0023405375,1.0738773,3.40960955619812,30.43593978881836,0.016709426417946,-4.40061616897583,discharge,492
9,0.0023405375,1.0738773,3.410310268402099,30.43593978881836,0.016709426417946,-4.400626182556152,discharge,492
9,0.0023405375,1.0738773,3.411010980606079,30.43593978881836,0.016709426417946,-4.400638103485107,discharge,492
9,0.0023405375,1.0738773,3.411711692810058,30.43593978881836,0.016709426417946,-4.4006500244140625,discharge,492
9,0.0023405375,1.0738773,3.412412405014038,30.43593978881836,0.016709426417946,-4.400662422180176,discharge,492
9,0.0023405375,1.0738773,3.413113117218017,30.43593978881836,0.016709426417946,-4.400674343109131,discharge,492
9,0.0023405375,1.0738773,3.413813829421997,30.43593978881836,0.016709426417946,-4.400686264038086,discharge,492
9,0.0023405375,1.0738773,3.414514541625976,30.43593978881836,0.016709426417946,-4.400698661804199,discharge,492
9,0.0023405375,1.0738773,3.415215253829956,30.43593978881836,0.016709426417946,-4.400710582733154,discharge,492
9,0.0023405375,1.0738773,3.415915966033935,30.43593978881836,0.016709426417946,-4.400722503662109,discharge,492
9,0.0023405375,1.0738773,3.416616678237915,30.43593978881836,0.016709426417946,-4.400734901428223,discharge,492
9,0.0023405375,1.0738773,3.417317390441894,30.43593978881836,0.016709426417946,-4.400746822357178,discharge,492
9,0.0023405375,1.0738773,3.418018102645874,30.43593978881836,0.016709426417946,-4.400759220123291,discharge,492
9,0.0023405375,1.0738773,3.418718814849853,30.43593978881836,0.016709426417946,-4.400771141052246,discharge,492
9,0.0023405375,1.0738773,3.419419527053833,30.43593978881836,0.016709426417946,-4.400783061981201,discharge,492
9,0.002318669861443,1.0738773,3.420120239257812,30.43593978881836,0.016709426417946,-4.400786399841309,discharge,492
9,0.002246741587193,1.0738773,3.420820713043213,30.43593978881836,0.016709426417946,-4.40077018737793,discharge,492
9,0.0021748133129430003,1.0738773,3.421521425247192,30.43593978881836,0.016709426417946,-4.400753498077393,discharge,492
9,0.0021028850386930003,1.0738773,3.422222137451172,30.43593978881836,0.016709426417946,-4.4007368087768555,discharge,492
9,0.002030956764443,1.0738773,3.422922849655151,30.43593978881836,0.016709426417946,-4.400720119476318,discharge,492
9,0.001959028490193,1.0738773,3.423623561859131,30.43593978881836,0.016709426417946,-4.400703430175781,discharge,492
9,0.001887100215943,1.0738773,3.42432427406311,30.43593978881836,0.016709426417946,-4.400687217712402,discharge,492
9,0.0018151719416930002,1.0738773,3.42502498626709,30.43593978881836,0.016709426417946,-4.400670528411865,discharge,492
9,0.0017432436674430002,1.0738773,3.425725698471069,30.43593978881836,0.016709426417946,-4.400653839111328,discharge,492
9,0.0016713153931930001,1.0738773,3.426426410675049,30.43593978881836,0.016709426417946,-4.400637149810791,discharge,492
9,0.001599387118943,1.0738773,3.427127122879028,30.43593978881836,0.016709426417946,-4.400620937347412,discharge,492
9,0.0015274588446930002,1.0738773,3.427827835083008,30.43593978881836,0.016709426417946,-4.400604248046875,discharge,492
9,0.0014555305704430001,1.0738773,3.428528547286987,30.43593978881836,0.016709426417946,-4.400587558746338,discharge,492
9,0.001383602296192,1.0738773,3.429229259490967,30.43593978881836,0.016709426417946,-4.400570869445801,discharge,492
9,0.0013116740219420002,1.0738773,3.429929971694946,30.43593978881836,0.016709426417946,-4.400554180145264,discharge,492
9,0.001288150099999,1.0738773,3.4306306838989262,30.43593978881836,0.016709426417946,-4.400545597076416,discharge,492
9,0.001288150099999,1.0738773,3.4313313961029053,30.43593978881836,0.016709426417946,-4.400540828704834,discharge,492
9,0.001288150099999,1.0738773,3.432032108306884,30.43593978881836,0.016709426417946,-4.400536060333252,discharge,492
9,0.001288150099999,1.0738773,3.4327328205108643,30.43593978881836,0.016709426417946,-4.40053129196167,discharge,492
9,0.001288150099999,1.0738773,3.433433532714843,30.43593978881836,0.016709426417946,-4.400526523590088,discharge,492
9,0.001288150099999,1.0738773,3.4341342449188232,30.43593978881836,0.016709426417946,-4.400521755218506,discharge,492
9,0.001288150099999,1.0738773,3.434834718704223,30.43593978881836,0.016709426417946,-4.400516986846924,discharge,492
9,0.001288150099999,1.0738773,3.435535430908203,30.43593978881836,0.016709426417946,-4.400512218475342,discharge,492
9,0.001288150099999,1.0738773,3.436236143112182,30.43593978881836,0.016709426417946,-4.40050745010376,discharge,492
9,0.001288150099999,1.0738773,3.436936855316162,30.43593978881836,0.016709426417946,-4.400502681732178,discharge,492
9,0.001288150099999,1.0738773,3.437637567520141,30.43593978881836,0.016709426417946,-4.400497913360596,discharge,492
9,0.001288150099999,1.0738773,3.438338279724121,30.43593978881836,0.016709426417946,-4.400493144989014,discharge,492
9,0.001288150099999,1.0738773,3.4390389919281,30.43593978881836,0.016709426417946,-4.400488376617432,discharge,492
9,0.001288150099999,1.0738773,3.43973970413208,30.43593978881836,0.016709426417946,-4.40048360824585,discharge,492
9,0.001288150099999,1.0738773,3.440440416336059,30.43593978881836,0.016709426417946,-4.400486469268799,discharge,492
9,0.001288150099999,1.0738773,3.441141128540039,30.43593978881836,0.016709426417946,-4.40050458908081,discharge,492
9,0.001288150099999,1.0738773,3.441841840744018,30.43593978881836,0.016709426417946,-4.400522708892822,discharge,492
9,0.001288150099999,1.0738773,3.442542552947998,30.43593978881836,0.016709426417946,-4.400540828704834,discharge,492
9,0.001288150099999,1.0738773,3.443243265151977,30.43593978881836,0.016709426417946,-4.4005584716796875,discharge,492
9,0.001288150099999,1.0738773,3.443943977355957,30.43593978881836,0.016709426417946,-4.400576591491699,discharge,492
9,0.001288150099999,1.0738773,3.444644689559936,30.43593978881836,0.016709426417946,-4.400594711303711,discharge,492
9,0.001288150099999,1.0738773,3.445345401763916,30.43593978881836,0.016709426417946,-4.400612831115723,discharge,492
9,0.001288150099999,1.0738773,3.446046113967895,30.43593978881836,0.016709426417946,-4.400630950927734,discharge,492
9,0.001288150099999,1.0738773,3.446746826171875,30.43593978881836,0.016709426417946,-4.400649070739746,discharge,492
9,0.001288150099999,1.0738773,3.447447538375854,30.43593978881836,0.016709426417946,-4.400667190551758,discharge,492
9,0.001288150099999,1.0738773,3.448148250579834,30.43593978881836,0.016709426417946,-4.400685310363769,discharge,492
9,0.001288150099999,1.0738773,3.448848962783813,30.43593978881836,0.016709426417946,-4.400702953338623,discharge,492
9,0.001288150099999,1.0738773,3.449549436569214,30.43593978881836,0.016709426417946,-4.400721073150635,discharge,492
9,0.001288150099999,1.0738773,3.450250148773193,30.43593978881836,0.016709426417946,-4.4007391929626465,discharge,492
9,0.001205866938111,1.0738773,3.450950860977173,30.43593978881836,0.016709426417946,-4.400758266448975,discharge,492
9,0.001119604473156,1.0738773,3.451651573181152,30.43593978881836,0.016709426417946,-4.400776863098144,discharge,492
9,0.0010333420082000002,1.0738773,3.452352285385132,30.43593978881836,0.016709426417946,-4.400795936584473,discharge,492
9,0.0009470795432450001,1.0738773,3.453052997589111,30.43593978881836,0.016709426417946,-4.400814533233643,discharge,492
9,0.0008608170782900001,1.0738773,3.453753709793091,30.43593978881836,0.016709426417946,-4.4008331298828125,discharge,492
9,0.0007745546133350001,1.0738773,3.45445442199707,30.43593978881836,0.016709426417946,-4.400852203369141,discharge,492
9,0.0006882921483800001,1.0738773,3.45515513420105,30.43593978881836,0.016709426417946,-4.40087080001831,discharge,492
9,0.000602029683424,1.0738773,3.455855846405029,30.43593978881836,0.016709426417946,-4.400889873504639,discharge,492
9,0.000515767218469,1.0738773,3.456556558609009,30.43593978881836,0.016709426417946,-4.400908470153809,discharge,492
9,0.00042950475351400004,1.0738773,3.4572572708129883,30.43593978881836,0.016709426417946,-4.400927543640137,discharge,492
9,0.00034324228855900005,1.0738773,3.457957983016967,30.43593978881836,0.016709426417946,-4.400946140289307,discharge,492
9,0.000256979823604,1.0738773,3.4586586952209473,30.43593978881836,0.016709426417946,-4.400965213775635,discharge,492
9,0.00017071735864800002,1.0738773,3.459359407424926,30.43593978881836,0.016709426417946,-4.400983810424805,discharge,492
9,8.44548936937112e-05,1.0738773,3.4600601196289062,30.43593978881836,0.016709426417946,-4.401002407073975,discharge,492
9,4.1770567e-05,1.0738773,3.460760831832885,30.43593978881836,0.016709426417946,-4.401010990142822,discharge,492
9,4.1770567e-05,1.0738773,3.4614615440368652,30.43593978881836,0.016709426417946,-4.401009559631348,discharge,492
9,4.1770567e-05,1.0738773,3.462162256240844,30.43593978881836,0.016709426417946,-4.401007652282715,discharge,492
9,4.1770567e-05,1.0738773,3.462862968444824,30.43593978881836,0.016709426417946,-4.40100622177124,discharge,492
9,4.1770567e-05,1.0738773,3.463563680648803,30.43593978881836,0.016709426417946,-4.401004314422607,discharge,492
9,4.1770567e-05,1.0738773,3.464264154434204,30.43593978881836,0.016709426417946,-4.401002883911133,discharge,492
9,4.1770567e-05,1.0738773,3.464964866638183,30.43593978881836,0.016709426417946,-4.4010009765625,discharge,492
9,4.1770567e-05,1.0738773,3.465665578842163,30.43593978881836,0.016709426417946,-4.400999546051025,discharge,492
9,4.1770567e-05,1.0738773,3.466366291046142,30.43593978881836,0.016709426417946,-4.400997638702393,discharge,492
9,4.1770567e-05,1.0738773,3.467067003250122,30.43593978881836,0.016709426417946,-4.400996208190918,discharge,492
9,4.1770567e-05,1.0738773,3.467767715454101,30.43593978881836,0.016709426417946,-4.400994300842285,discharge,492
9,4.1770567e-05,1.0738773,3.468468427658081,30.43593978881836,0.016709426417946,-4.40099287033081,discharge,492
9,4.1770567e-05,1.0738773,3.46916913986206,30.43593978881836,0.016709426417946,-4.400990962982178,discharge,492
9,4.1770567e-05,1.0738773,3.46986985206604,30.43593978881836,0.016709426417946,-4.400989532470703,discharge,492
9,4.1770567e-05,1.0738773,3.470570564270019,30.43593978881836,0.016709426417946,-4.40098762512207,discharge,492
9,4.1770567e-05,1.0738773,3.471271276473999,30.43593978881836,0.016709426417946,-4.398061752319336,discharge,492
9,4.1770567e-05,1.0738773,3.471971988677978,30.43593978881836,0.016709426417946,-4.395035266876221,discharge,492
9,4.1770567e-05,1.0738773,3.472672700881958,30.43593978881836,0.016709426417946,-4.3920087814331055,discharge,492
9,4.1770567e-05,1.0738773,3.473373413085937,30.43593978881836,0.016709426417946,-4.38898229598999,discharge,492
9,4.1770567e-05,1.0738773,3.474074125289917,30.43593978881836,0.016709426417946,-4.385955810546875,discharge,492
9,4.1770567e-05,1.0738773,3.474774837493896,30.43593978881836,0.016709426417946,-4.38292932510376,discharge,492
9,4.1770567e-05,1.0738773,3.475475549697876,30.43593978881836,0.016709426417946,-4.379902362823486,discharge,492
9,4.1770567e-05,1.0738773,3.476176261901855,30.43593978881836,0.016709426417946,-4.376875877380371,discharge,492
9,4.1770567e-05,1.0738773,3.476876974105835,30.43593978881836,0.016709426417946,-4.373849391937256,discharge,492
9,4.1770567e-05,1.0738773,3.477577686309814,30.43593978881836,0.016709426417946,-4.370822906494141,discharge,492
9,4.1770567e-05,1.0738773,3.478278160095215,30.43593978881836,0.016709426417946,-4.367796421051025,discharge,492
9,4.1770567e-05,1.0738773,3.478978872299194,30.43593978881836,0.016709426417946,-4.36476993560791,discharge,492
9,4.1770567e-05,1.0738773,3.479679584503174,30.43593978881836,0.016709426417946,-4.361742973327637,discharge,492
9,4.1770567e-05,1.0738773,3.480380296707153,30.43593978881836,0.016709426417946,-4.3587164878845215,discharge,492
9,4.1770567e-05,1.0738773,3.481081008911133,30.43593978881836,0.016709426417946,-4.356863021850586,discharge,492
9,4.1770567e-05,1.0738773,3.481781721115112,30.43593978881836,0.016709426417946,-4.3568549156188965,discharge,492
9,4.177056699999999e-05,1.0738773,3.482482433319092,30.43593978881836,0.016709426417946,-4.356846332550049,discharge,492
9,4.1770567e-05,1.0738773,3.483183145523071,30.43593978881836,0.016709426417946,-4.356837749481201,discharge,492
9,4.1770567e-05,1.0738773,3.4838838577270512,30.43593978881836,0.016709426417946,-4.356829643249512,discharge,492
9,4.1770567e-05,1.0738773,3.4845845699310303,30.43593978881836,0.016709426417946,-4.356821060180664,discharge,492
9,4.1770567e-05,1.0738773,3.485285282135009,30.43593978881836,0.016709426417946,-4.356812477111816,discharge,492
9,4.1770567e-05,1.0738773,3.4859859943389893,30.43593978881836,0.016709426417946,-4.356804370880127,discharge,492
9,4.1770567e-05,1.0738773,3.486686706542968,30.43593978881836,0.016709426417946,-4.356795787811279,discharge,492
9,4.1770567e-05,1.0738773,3.4873874187469482,30.43593978881836,0.016709426417946,-4.35678768157959,discharge,492
9,4.177056699999999e-05,1.0738773,3.488088130950927,30.43593978881836,0.016709426417946,-4.356779098510742,discharge,492
9,4.1770567e-05,1.0738773,3.4887888431549072,30.43593978881836,0.016709426417946,-4.356770515441894,discharge,492
9,4.1770567e-05,1.0738773,3.489489555358886,30.43593978881836,0.016709426417946,-4.356762409210205,discharge,492
9,4.1770567e-05,1.0738773,3.490190267562866,30.43593978881836,0.016709426417946,-4.356753826141357,discharge,492
9,4.1770567e-05,1.0738773,3.490890979766845,30.43593978881836,0.016709426417946,-4.35674524307251,discharge,492
9,4.1770567e-05,1.0738773,3.491591691970825,30.43593978881836,0.016709426417946,-4.341486930847168,discharge,492
9,4.1770567e-05,1.0738773,3.492292404174804,30.43593978881836,0.016709426417946,-4.317363262176514,discharge,492
9,4.1770567e-05,1.0738773,3.492992877960205,30.43593978881836,0.016709426417946,-4.293240070343018,discharge,492
9,4.1770567e-05,1.0738773,3.493693590164184,30.43593978881836,0.016709426417946,-4.269116401672363,discharge,492
9,4.1770567e-05,1.0738773,3.494394302368164,30.43593978881836,0.016709426417946,-4.244993209838867,discharge,492
9,4.1770567e-05,1.0738773,3.495095014572143,30.43593978881836,0.016709426417946,-4.220869541168213,discharge,492
9,4.1770567e-05,1.0738773,3.495795726776123,30.43593978881836,0.016709426417946,-4.196746349334717,discharge,492
9,4.1770567e-05,1.0738773,3.496496438980102,30.43593978881836,0.016709426417946,-4.172622680664062,discharge,492
9,4.1770567e-05,1.0738773,3.497197151184082,30.43593978881836,0.016709426417946,-4.148499011993408,discharge,492
9,4.1770567e-05,1.0738773,3.497897863388061,30.43593978881836,0.016709426417946,-4.124375820159912,discharge,492
9,4.1770567e-05,1.0738773,3.498598575592041,30.43593978881836,0.016709426417946,-4.100252151489258,discharge,492
9,4.1770567e-05,1.0738773,3.49929928779602,30.43593978881836,0.016709426417946,-4.076128959655762,discharge,492
9,4.1770567e-05,1.0738773,3.5,30.43593978881836,0.016709426417946,-4.052005290985107,discharge,492
