cycle_index,discharge_capacity,charge_capacity,voltage,internal_resistance,temperature,current,step_type,cycle_life
9,1.007053678518518,1.0621451,2.799999952316284,0.014591653831303002,38.564781188964844,-4.39982271194458,discharge,1267
9,1.006901288427687,1.0621451,2.8007006645202632,0.014591653831303002,38.56400680541992,-4.399815082550049,discharge,1267
9,1.006748898336855,1.0621451,2.801401376724243,0.014591653831303002,38.563236236572266,-4.399807453155518,discharge,1267
9,1.006596508246024,1.0621451,2.802102088928222,0.014591653831303002,38.562461853027344,-4.399800300598144,discharge,1267
9,1.006444118155192,1.0621451,2.802802801132202,0.014591653831303002,38.56169128417969,-4.399792671203613,discharge,1267
9,1.00629172806436,1.0621451,2.803503513336181,0.014591653831303002,38.56092071533203,-4.399785041809082,discharge,1267
9,1.006139337973529,1.0621451,2.804204225540161,0.014591653831303002,38.56014633178711,-4.399777412414551,discharge,1267
9,1.005986947882697,1.0621451,2.80490493774414,0.014591653831303002,38.55937576293945,-4.399769783020019,discharge,1267
9,1.005834557791866,1.0621451,2.80560564994812,0.014591653831303002,38.5586051940918,-4.399762153625488,discharge,1267
9,1.005682167701034,1.0621451,2.806306362152099,0.014591653831303002,38.557830810546875,-4.399754524230957,discharge,1267
9,1.005529777610202,1.0621451,2.807007074356079,0.014591653831303002,38.55706024169922,-4.399746894836426,discharge,1267
9,1.005371890936932,1.0621451,2.807707786560058,0.014591653831303002,38.555076599121094,-4.399750709533691,discharge,1267
9,1.00521259046284,1.0621451,2.808408498764038,0.014591653831303002,38.55277633666992,-4.399757385253906,discharge,1267
9,1.005053289988749,1.0621451,2.809109210968017,0.014591653831303002,38.550479888916016,-4.399764060974121,discharge,1267
9,1.004893989514657,1.0621451,2.809809923171997,0.014591653831303002,38.54818344116211,-4.399771213531494,discharge,1267
9,1.004734689040565,1.0621451,2.810510396957397,0.014591653831303002,38.5458869934082,-4.399777889251709,discharge,1267
9,1.004575388566473,1.0621451,2.811211109161377,0.014591653831303002,38.5435905456543,-4.399784564971924,discharge,1267
9,1.004416088092382,1.0621451,2.811911821365356,0.014591653831303002,38.54129409790039,-4.399791240692139,discharge,1267
9,1.00425678761829,1.0621451,2.812612533569336,0.014591653831303002,38.538997650146484,-4.399797916412353,discharge,1267
9,1.004097487144198,1.0621451,2.813313245773315,0.014591653831303002,38.53669738769531,-4.399804592132568,discharge,1267
9,1.003938186670107,1.0621451,2.814013957977295,0.014591653831303002,38.534400939941406,-4.399811267852783,discharge,1267
9,1.003778886196015,1.0621451,2.814714670181274,0.014591653831303002,38.5321044921875,-4.399818420410156,discharge,1267
9,1.003619585721923,1.0621451,2.815415382385254,0.014591653831303002,38.529808044433594,-4.399825096130371,discharge,1267
9,1.003460285247831,1.0621451,2.816116094589233,0.014591653831303002,38.52751159667969,-4.399831771850586,discharge,1267
9,1.00330098477374,1.0621451,2.816816806793213,0.014591653831303002,38.52521514892578,-4.399838447570801,discharge,1267
9,1.003137566732553,1.0621451,2.817517518997192,0.014591653831303002,38.52309799194336,-4.39984130859375,discharge,1267
9,1.002970017190825,1.0621451,2.818218231201172,0.014591653831303002,38.52116394042969,-4.399840831756592,discharge,1267
9,1.002802467649097,1.0621451,2.818918943405151,0.014591653831303002,38.519229888916016,-4.399839878082275,discharge,1267
9,1.00263491810737,1.0621451,2.819619655609131,0.014591653831303002,38.517295837402344,-4.399839401245117,discharge,1267
9,1.002467368565642,1.0621451,2.82032036781311,0.014591653831303002,38.51536560058594,-4.399838447570801,discharge,1267
9,1.002299819023914,1.0621451,2.82102108001709,0.014591653831303002,38.513431549072266,-4.399837970733643,discharge,1267
9,1.002132269482186,1.0621451,2.8217217922210693,0.014591653831303002,38.511497497558594,-4.399837017059326,discharge,1267
9,1.001964719940458,1.0621451,2.822422504425049,0.014591653831303002,38.50956344604492,-4.39983606338501,discharge,1267
9,1.001797170398731,1.0621451,2.8231232166290283,0.014591653831303002,38.50762939453125,-4.399835586547852,discharge,1267
9,1.001629620857003,1.0621451,2.823823928833008,0.014591653831303002,38.505699157714844,-4.399834632873535,discharge,1267
9,1.001462071315275,1.0621451,2.8245246410369873,0.014591653831303002,38.50376510620117,-4.399834156036377,discharge,1267
9,1.001294521773547,1.0621451,2.825225114822387,0.014591653831303002,38.5018310546875,-4.39983320236206,discharge,1267
9,1.00112697223182,1.0621451,2.825925827026367,0.014591653831303002,38.49989700317383,-4.399832725524902,discharge,1267
9,1.000959422690092,1.0621451,2.826626539230346,0.014591653831303002,38.497962951660156,-4.399831771850586,discharge,1267
9,1.000789782838872,1.0621451,2.827327251434326,0.014591653831303002,38.496009826660156,-4.399831771850586,discharge,1267
9,1.000609226563113,1.0621451,2.828027963638305,0.014591653831303002,38.49394226074219,-4.399833679199219,discharge,1267
9,1.000428670287354,1.0621451,2.828728675842285,0.014591653831303002,38.49187088012695,-4.399835586547852,discharge,1267
9,1.000248114011596,1.0621451,2.829429388046264,0.014591653831303002,38.489803314208984,-4.399837493896484,discharge,1267
9,1.000067557735837,1.0621451,2.830130100250244,0.014591653831303002,38.487735748291016,-4.399839401245117,discharge,1267
9,0.999887001460078,1.0621451,2.830830812454223,0.014591653831303002,38.48566818237305,-4.39984130859375,discharge,1267
9,0.9997064451843191,1.0621451,2.831531524658203,0.014591653831303002,38.48360061645508,-4.399843215942383,discharge,1267
9,0.9995258889085611,1.0621451,2.832232236862182,0.014591653831303002,38.48153305053711,-4.399845123291016,discharge,1267
9,0.9993453326328021,1.0621451,2.832932949066162,0.014591653831303002,38.47946548461914,-4.399847030639648,discharge,1267
9,0.999164776357043,1.0621451,2.833633661270141,0.014591653831303002,38.477394104003906,-4.399848937988281,discharge,1267
9,0.9989842200812841,1.0621451,2.834334373474121,0.014591653831303002,38.47532653808594,-4.399850845336914,discharge,1267
9,0.9988036638055261,1.0621451,2.8350350856781,0.014591653831303002,38.47325897216797,-4.399853229522705,discharge,1267
9,0.9986231075297671,1.0621451,2.83573579788208,0.014591653831303002,38.47119140625,-4.399855136871338,discharge,1267
9,0.998442551254008,1.0621451,2.836436510086059,0.014591653831303002,38.46912384033203,-4.399857044219971,discharge,1267
9,0.99826199497825,1.0621451,2.837137222290039,0.014591653831303002,38.46705627441406,-4.399858951568603,discharge,1267
9,0.9980724955084951,1.0621451,2.837837934494018,0.014591653831303002,38.465389251708984,-4.399855136871338,discharge,1267
9,0.9978794267680621,1.0621451,2.838538646697998,0.014591653831303002,38.4638786315918,-4.399848461151123,discharge,1267
9,0.9976863580276281,1.0621451,2.839239120483398,0.014591653831303002,38.462371826171875,-4.399842262268066,discharge,1267
9,0.997493289287195,1.0621451,2.839939832687378,0.014591653831303002,38.46086502075195,-4.39983606338501,discharge,1267
9,0.997300220546762,1.0621451,2.840640544891357,0.014591653831303002,38.45935821533203,-4.399829864501953,discharge,1267
9,0.997107151806328,1.0621451,2.841341257095337,0.014591653831303002,38.45785140991211,-4.399823188781738,discharge,1267
9,0.9969140830658951,1.0621451,2.842041969299316,0.014591653831303002,38.45634078979492,-4.399816989898682,discharge,1267
9,0.9967210143254611,1.0621451,2.842742681503296,0.014591653831303002,38.454833984375,-4.399810791015625,discharge,1267
9,0.9965279455850281,1.0621451,2.843443393707275,0.014591653831303002,38.45332717895508,-4.399804592132568,discharge,1267
9,0.9963348768445951,1.0621451,2.844144105911255,0.014591653831303002,38.451820373535156,-4.399797916412353,discharge,1267
9,0.9961418081041621,1.0621451,2.844844818115234,0.014591653831303002,38.450313568115234,-4.399791717529297,discharge,1267
9,0.9959487393637281,1.0621451,2.845545530319214,0.014591653831303002,38.44880676269531,-4.39978551864624,discharge,1267
9,0.9957556706232951,1.0621451,2.846246242523193,0.014591653831303002,38.447296142578125,-4.399779319763184,discharge,1267
9,0.995562601882861,1.0621451,2.846946954727173,0.014591653831303002,38.4457893371582,-4.399773120880127,discharge,1267
9,0.995365703981766,1.0621451,2.847647666931152,0.014591653831303002,38.444541931152344,-4.399765491485596,discharge,1267
9,0.9951618342892941,1.0621451,2.848348379135132,0.014591653831303002,38.44377136230469,-4.399756908416748,discharge,1267
9,0.9949579645968221,1.0621451,2.8490490913391113,0.014591653831303002,38.44300079345703,-4.3997483253479,discharge,1267
9,0.9947540949043491,1.0621451,2.849749803543091,0.014591653831303002,38.442230224609375,-4.399739265441894,discharge,1267
9,0.9945502252118771,1.0621451,2.8504505157470703,0.014591653831303002,38.44145965576172,-4.399730682373047,discharge,1267
9,0.9943463555194051,1.0621451,2.85115122795105,0.014591653831303002,38.44068908691406,-4.399722099304199,discharge,1267
9,0.9941424858269321,1.0621451,2.8518519401550293,0.014591653831303002,38.439918518066406,-4.399713039398193,discharge,1267
9,0.9939386161344601,1.0621451,2.852552652359009,0.014591653831303002,38.43914794921875,-4.399704456329346,discharge,1267
9,0.9937347464419881,1.0621451,2.8532533645629883,0.014591653831303002,38.43837356567383,-4.39969539642334,discharge,1267
9,0.9935308767495151,1.0621451,2.8539538383483882,0.014591653831303002,38.43760299682617,-4.399686813354492,discharge,1267
9,0.9933270070570431,1.0621451,2.854654550552368,0.014591653831303002,38.436832427978516,-4.399678230285644,discharge,1267
9,0.993123137364571,1.0621451,2.855355262756347,0.014591653831303002,38.43606185913086,-4.399669170379639,discharge,1267
9,0.992919267672098,1.0621451,2.856055974960327,0.014591653831303002,38.4352912902832,-4.399660587310791,discharge,1267
9,0.992715397979626,1.0621451,2.856756687164306,0.014591653831303002,38.43452072143555,-4.399652004241943,discharge,1267
9,0.992510721191827,1.0621451,2.857457399368286,0.014591653831303002,38.43374252319336,-4.399643898010254,discharge,1267
9,0.9922869593344531,1.0621451,2.858158111572265,0.014591653831303002,38.43278503417969,-4.39965295791626,discharge,1267
9,0.992063197477078,1.0621451,2.858858823776245,0.014591653831303002,38.43183135986328,-4.399662017822266,discharge,1267
9,0.9918394356197031,1.0621451,2.859559535980224,0.014591653831303002,38.430877685546875,-4.39967155456543,discharge,1267
9,0.9916156737623291,1.0621451,2.860260248184204,0.014591653831303002,38.42992401123047,-4.399680614471435,discharge,1267
9,0.9913919119049541,1.0621451,2.860960960388183,0.014591653831303002,38.4289665222168,-4.399689674377441,discharge,1267
9,0.99116815004758,1.0621451,2.861661672592163,0.014591653831303002,38.42801284790039,-4.399698734283447,discharge,1267
9,0.990944388190205,1.0621451,2.862362384796142,0.014591653831303002,38.427059173583984,-4.399708271026611,discharge,1267
9,0.9907206263328301,1.0621451,2.863063097000122,0.014591653831303002,38.42610168457031,-4.399717330932617,discharge,1267
9,0.990496864475456,1.0621451,2.863763809204101,0.014591653831303002,38.425148010253906,-4.399726390838623,discharge,1267
9,0.9902731026180811,1.0621451,2.864464521408081,0.014591653831303002,38.4241943359375,-4.399735450744629,discharge,1267
9,0.990049340760706,1.0621451,2.86516523361206,0.014591653831303002,38.42323684692383,-4.399744987487793,discharge,1267
9,0.9898255789033321,1.0621451,2.86586594581604,0.014591653831303002,38.42228317260742,-4.399754047393799,discharge,1267
9,0.9896018170459571,1.0621451,2.866566658020019,0.014591653831303002,38.421329498291016,-4.399763107299805,discharge,1267
9,0.9893780551885821,1.0621451,2.867267370223999,0.014591653831303002,38.420372009277344,-4.39977216720581,discharge,1267
9,0.9891466668556701,1.0621451,2.867968082427978,0.014591653831303002,38.41859817504883,-4.399776458740234,discharge,1267
9,0.9889111793325531,1.0621451,2.868668556213379,0.014591653831303002,38.416385650634766,-4.399778366088867,discharge,1267
9,0.988675691809437,1.0621451,2.869369268417358,0.014591653831303002,38.41416931152344,-4.399779796600342,discharge,1267
9,0.9884402042863201,1.0621451,2.870069980621338,0.014591653831303002,38.411956787109375,-4.399781227111816,discharge,1267
9,0.9882047167632031,1.0621451,2.870770692825317,0.014591653831303002,38.40974044799805,-4.399783134460449,discharge,1267
9,0.9879692292400861,1.0621451,2.871471405029297,0.014591653831303002,38.40752410888672,-4.399784564971924,discharge,1267
9,0.987733741716969,1.0621451,2.872172117233276,0.014591653831303002,38.405311584472656,-4.399786472320557,discharge,1267
9,0.9874982541938521,1.0621451,2.872872829437256,0.014591653831303002,38.40309524536133,-4.399787902832031,discharge,1267
9,0.9872627666707351,1.0621451,2.873573541641235,0.014591653831303002,38.400882720947266,-4.399789810180664,discharge,1267
9,0.9870272791476181,1.0621451,2.874274253845215,0.014591653831303002,38.39866638183594,-4.399791240692139,discharge,1267
9,0.986791791624502,1.0621451,2.8749749660491943,0.014591653831303002,38.39645004272461,-4.399792671203613,discharge,1267
9,0.9865563041013851,1.0621451,2.875675678253174,0.014591653831303002,38.39423751831055,-4.399794578552246,discharge,1267
9,0.9863208165782681,1.0621451,2.8763763904571533,0.014591653831303002,38.39202117919922,-4.399796009063721,discharge,1267
9,0.9860853290551511,1.0621451,2.877077102661133,0.014591653831303002,38.38980484008789,-4.399797916412353,discharge,1267
9,0.9858416871004421,1.0621451,2.8777778148651123,0.014591653831303002,38.38727569580078,-4.399797916412353,discharge,1267
9,0.9855811532062541,1.0621451,2.878478527069092,0.014591653831303002,38.38408279418945,-4.399795055389404,discharge,1267
9,0.985320619312065,1.0621451,2.8791792392730713,0.014591653831303002,38.38089370727539,-4.399791717529297,discharge,1267
9,0.985060085417877,1.0621451,2.8798799514770512,0.014591653831303002,38.37770462036133,-4.399788856506348,discharge,1267
9,0.984799551523688,1.0621451,2.8805806636810303,0.014591653831303002,38.37451171875,-4.39978551864624,discharge,1267
9,0.9845390176295,1.0621451,2.881281375885009,0.014591653831303002,38.37132263183594,-4.399782657623291,discharge,1267
9,0.9842784837353121,1.0621451,2.8819820880889893,0.014591653831303002,38.36812973022461,-4.399779319763184,discharge,1267
9,0.9840179498411231,1.0621451,2.882682800292968,0.014591653831303002,38.36494064331055,-4.399776458740234,discharge,1267
9,0.9837574159469351,1.0621451,2.883383274078369,0.014591653831303002,38.361751556396484,-4.399773597717285,discharge,1267
9,0.9834968820527461,1.0621451,2.884083986282348,0.014591653831303002,38.358558654785156,-4.399770259857178,discharge,1267
9,0.9832363481585581,1.0621451,2.884784698486328,0.014591653831303002,38.355369567871094,-4.399767398834228,discharge,1267
9,0.9829758142643691,1.0621451,2.885485410690307,0.014591653831303002,38.35218048095703,-4.399764060974121,discharge,1267
9,0.9827152803701811,1.0621451,2.886186122894287,0.014591653831303002,38.3489875793457,-4.399761199951172,discharge,1267
9,0.9824547464759931,1.0621451,2.886886835098266,0.014591653831303002,38.34579849243164,-4.399758338928223,discharge,1267
9,0.9821942125818041,1.0621451,2.887587547302246,0.014591653831303002,38.34260559082031,-4.399755001068115,discharge,1267
9,0.9819105868571221,1.0621451,2.888288259506225,0.014591653831303002,38.3380126953125,-4.3997602462768555,discharge,1267
9,0.9816261659893221,1.0621451,2.888988971710205,0.014591653831303002,38.333370208740234,-4.399765491485596,discharge,1267
9,0.9813417451215231,1.0621451,2.889689683914184,0.014591653831303002,38.3287239074707,-4.399771213531494,discharge,1267
9,0.981057324253724,1.0621451,2.890390396118164,0.014591653831303002,38.32408142089844,-4.399776458740234,discharge,1267
9,0.980772903385924,1.0621451,2.891091108322143,0.014591653831303002,38.31943893432617,-4.399781703948975,discharge,1267
9,0.980488482518125,1.0621451,2.891791820526123,0.014591653831303002,38.314796447753906,-4.399787425994873,discharge,1267
9,0.980204061650325,1.0621451,2.892492532730102,0.014591653831303002,38.31015396118164,-4.399792671203613,discharge,1267
9,0.979919640782526,1.0621451,2.893193244934082,0.014591653831303002,38.30550765991211,-4.399797916412353,discharge,1267
9,0.9796352199147261,1.0621451,2.893893957138061,0.014591653831303002,38.300865173339844,-4.399803638458252,discharge,1267
9,0.9793507990469271,1.0621451,2.894594669342041,0.014591653831303002,38.29622268676758,-4.399808883666992,discharge,1267
9,0.9790663781791281,1.0621451,2.89529538154602,0.014591653831303002,38.29158020019531,-4.399814605712891,discharge,1267
9,0.9787819573113281,1.0621451,2.89599609375,0.014591653831303002,38.28693771362305,-4.399819850921631,discharge,1267
9,0.9784975364435291,1.0621451,2.896696805953979,0.014591653831303002,38.282291412353516,-4.399825096130371,discharge,1267
9,0.9782131155757291,1.0621451,2.89739727973938,0.014591653831303002,38.27764892578125,-4.399830818176269,discharge,1267
9,0.9779088412289441,1.0621451,2.898097991943359,0.014591653831303002,38.273094177246094,-4.399835586547852,discharge,1267
9,0.9775922626440711,1.0621451,2.898798704147339,0.014591653831303002,38.26859664916992,-4.399839878082275,discharge,1267
9,0.9772756840591981,1.0621451,2.899499416351318,0.014591653831303002,38.264095306396484,-4.399844169616699,discharge,1267
9,0.9769591054743241,1.0621451,2.900200128555298,0.014591653831303002,38.25959777832031,-4.399848461151123,discharge,1267
9,0.9766425268894501,1.0621451,2.9009008407592773,0.014591653831303002,38.255096435546875,-4.399852752685547,discharge,1267
9,0.9763259483045771,1.0621451,2.901601552963257,0.014591653831303002,38.2505989074707,-4.399857044219971,discharge,1267
9,0.9760093697197031,1.0621451,2.9023022651672363,0.014591653831303002,38.24610137939453,-4.399861812591553,discharge,1267
9,0.9756927911348301,1.0621451,2.903002977371216,0.014591653831303002,38.241600036621094,-4.399866104125977,discharge,1267
9,0.9753762125499561,1.0621451,2.9037036895751953,0.014591653831303002,38.23710250854492,-4.3998703956604,discharge,1267
9,0.9750596339650831,1.0621451,2.904404401779175,0.014591653831303002,38.232601165771484,-4.399874687194824,discharge,1267
9,0.9747430553802091,1.0621451,2.9051051139831543,0.014591653831303002,38.22810363769531,-4.399878978729248,discharge,1267
9,0.9744264767953361,1.0621451,2.9058058261871342,0.014591653831303002,38.223602294921875,-4.399883270263672,discharge,1267
9,0.9741098982104621,1.0621451,2.9065065383911133,0.014591653831303002,38.2191047668457,-4.399887561798096,discharge,1267
9,0.9737933196255891,1.0621451,2.907207250595092,0.014591653831303002,38.214603424072266,-4.399892330169678,discharge,1267
9,0.9734664777648211,1.0621451,2.9079079627990723,0.014591653831303002,38.21146774291992,-4.399893283843994,discharge,1267
9,0.973115922721527,1.0621451,2.908608675003051,0.014591653831303002,38.21147918701172,-4.3998870849609375,discharge,1267
9,0.9727653676782341,1.0621451,2.9093093872070312,0.014591653831303002,38.21148681640625,-4.399881362915039,discharge,1267
9,0.9724148126349401,1.0621451,2.91001009941101,0.014591653831303002,38.21149826049805,-4.399875164031982,discharge,1267
9,0.972064257591647,1.0621451,2.9107108116149902,0.014591653831303002,38.211509704589844,-4.399868965148926,discharge,1267
9,0.9717137025483531,1.0621451,2.911411523818969,0.014591653831303002,38.21152114868164,-4.399862766265869,discharge,1267
9,0.97136314750506,1.0621451,2.91211199760437,0.014591653831303002,38.21153259277344,-4.399857044219971,discharge,1267
9,0.9710125924617661,1.0621451,2.912812709808349,0.014591653831303002,38.211544036865234,-4.399850845336914,discharge,1267
9,0.9706620374184731,1.0621451,2.913513422012329,0.014591653831303002,38.211551666259766,-4.399844646453857,discharge,1267
9,0.9703114823751791,1.0621451,2.914214134216308,0.014591653831303002,38.21156311035156,-4.399838447570801,discharge,1267
9,0.9699609273318861,1.0621451,2.914914846420288,0.014591653831303002,38.21157455444336,-4.399832725524902,discharge,1267
9,0.969610372288592,1.0621451,2.915615558624267,0.014591653831303002,38.211585998535156,-4.399826526641846,discharge,1267
9,0.9692598172452991,1.0621451,2.916316270828247,0.014591653831303002,38.21159744262695,-4.399820327758789,discharge,1267
9,0.9689092622020051,1.0621451,2.917016983032226,0.014591653831303002,38.211605072021484,-4.399814128875732,discharge,1267
9,0.9685574331967971,1.0621451,2.917717695236206,0.014591653831303002,38.21146774291992,-4.399808406829834,discharge,1267
9,0.9681607082887371,1.0621451,2.918418407440185,0.014591653831303002,38.206050872802734,-4.399815559387207,discharge,1267
9,0.967763983380677,1.0621451,2.919119119644165,0.014591653831303002,38.20063781738281,-4.399822235107422,discharge,1267
9,0.9673672584726161,1.0621451,2.919819831848144,0.014591653831303002,38.19522476196289,-4.399829387664795,discharge,1267
9,0.9669705335645561,1.0621451,2.920520544052124,0.014591653831303002,38.1898078918457,-4.39983606338501,discharge,1267
9,0.9665738086564961,1.0621451,2.921221256256103,0.014591653831303002,38.18439483642578,-4.399842739105225,discharge,1267
9,0.966177083748435,1.0621451,2.921921968460083,0.014591653831303002,38.178977966308594,-4.399849891662598,discharge,1267
9,0.965780358840375,1.0621451,2.922622680664062,0.014591653831303002,38.17356491088867,-4.3998565673828125,discharge,1267
9,0.9653836339323151,1.0621451,2.923323392868042,0.014591653831303002,38.168148040771484,-4.399863719940185,discharge,1267
9,0.9649869090242541,1.0621451,2.924024105072021,0.014591653831303002,38.16273498535156,-4.3998703956604,discharge,1267
9,0.9645901841161941,1.0621451,2.924724817276001,0.014591653831303002,38.157318115234375,-4.399877548217773,discharge,1267
9,0.964193459208134,1.0621451,2.92542552947998,0.014591653831303002,38.15190505981445,-4.399884223937988,discharge,1267
9,0.9637967343000741,1.0621451,2.92612624168396,0.014591653831303002,38.146488189697266,-4.399890899658203,discharge,1267
9,0.9634000093920131,1.0621451,2.92682671546936,0.014591653831303002,38.141075134277344,-4.399898052215576,discharge,1267
9,0.9630032844839531,1.0621451,2.92752742767334,0.014591653831303002,38.135658264160156,-4.399904727935791,discharge,1267
9,0.9625696899358811,1.0621451,2.9282281398773193,0.014591653831303002,38.13325500488281,-4.399909019470215,discharge,1267
9,0.962122644802134,1.0621451,2.928928852081299,0.014591653831303002,38.1319465637207,-4.399911880493164,discharge,1267
9,0.9616755996683871,1.0621451,2.9296295642852783,0.014591653831303002,38.130638122558594,-4.399914741516113,discharge,1267
9,0.9612285545346411,1.0621451,2.930330276489258,0.014591653831303002,38.129329681396484,-4.3999176025390625,discharge,1267
9,0.9607815094008941,1.0621451,2.9310309886932373,0.014591653831303002,38.128021240234375,-4.39992094039917,discharge,1267
9,0.9603344642671471,1.0621451,2.931731700897217,0.014591653831303002,38.126712799072266,-4.399923801422119,discharge,1267
9,0.9598874191334,1.0621451,2.9324324131011963,0.014591653831303002,38.125404357910156,-4.399926662445068,discharge,1267
9,0.9594403739996541,1.0621451,2.9331331253051762,0.014591653831303002,38.12409591674805,-4.399929523468018,discharge,1267
9,0.958993328865906,1.0621451,2.9338338375091553,0.014591653831303002,38.12278747558594,-4.399932861328125,discharge,1267
9,0.9585462837321601,1.0621451,2.934534549713134,0.014591653831303002,38.12147903442383,-4.399935722351074,discharge,1267
9,0.9580992385984131,1.0621451,2.9352352619171143,0.014591653831303002,38.12017059326172,-4.399938583374023,discharge,1267
9,0.9576521934646661,1.0621451,2.935935974121093,0.014591653831303002,38.11886215209961,-4.399941444396973,discharge,1267
9,0.9572051483309201,1.0621451,2.9366366863250732,0.014591653831303002,38.117557525634766,-4.39994478225708,discharge,1267
9,0.956758103197173,1.0621451,2.937337398529052,0.014591653831303002,38.116249084472656,-4.399947643280029,discharge,1267
9,0.9562704017834861,1.0621451,2.9380381107330322,0.014591653831303002,38.113868713378906,-4.399934768676758,discharge,1267
9,0.955781382767339,1.0621451,2.938738822937011,0.014591653831303002,38.11145782470703,-4.399921417236328,discharge,1267
9,0.9552923637511921,1.0621451,2.939439535140991,0.014591653831303002,38.109046936035156,-4.399908065795898,discharge,1267
9,0.954803344735045,1.0621451,2.94014024734497,0.014591653831303002,38.106632232666016,-4.399894714355469,discharge,1267
9,0.9543143257188981,1.0621451,2.94084095954895,0.014591653831303002,38.10422134399414,-4.399881362915039,discharge,1267
9,0.9538253067027511,1.0621451,2.94154143333435,0.014591653831303002,38.101810455322266,-4.399868011474609,discharge,1267
9,0.9533362876866041,1.0621451,2.94224214553833,0.014591653831303002,38.099395751953125,-4.39985466003418,discharge,1267
9,0.9528472686704571,1.0621451,2.942942857742309,0.014591653831303002,38.09698486328125,-4.39984130859375,discharge,1267
9,0.952358249654311,1.0621451,2.943643569946289,0.014591653831303002,38.094573974609375,-4.39982795715332,discharge,1267
9,0.9518692306381641,1.0621451,2.944344282150268,0.014591653831303002,38.092159271240234,-4.399814605712891,discharge,1267
9,0.951380211622017,1.0621451,2.945044994354248,0.014591653831303002,38.08974838256836,-4.399801254272461,discharge,1267
9,0.9508911926058701,1.0621451,2.945745706558227,0.014591653831303002,38.087337493896484,-4.399787902832031,discharge,1267
9,0.950369858077393,1.0621451,2.946446418762207,0.014591653831303002,38.085567474365234,-4.399786472320557,discharge,1267
9,0.949820657347998,1.0621451,2.947147130966186,0.014591653831303002,38.0843505859375,-4.399795055389404,discharge,1267
9,0.9492714566186031,1.0621451,2.947847843170166,0.014591653831303002,38.083133697509766,-4.399803638458252,discharge,1267
9,0.9487222558892091,1.0621451,2.948548555374145,0.014591653831303002,38.08191680908203,-4.3998122215271,discharge,1267
9,0.9481730551598141,1.0621451,2.949249267578125,0.014591653831303002,38.0806999206543,-4.399820804595947,discharge,1267
9,0.9476238544304191,1.0621451,2.949949979782104,0.014591653831303002,38.07948303222656,-4.399829387664795,discharge,1267
9,0.9470746537010251,1.0621451,2.950650691986084,0.014591653831303002,38.078269958496094,-4.399837970733643,discharge,1267
9,0.94652545297163,1.0621451,2.951351404190063,0.014591653831303002,38.07705307006836,-4.39984655380249,discharge,1267
9,0.945976252242235,1.0621451,2.952052116394043,0.014591653831303002,38.075836181640625,-4.399855136871338,discharge,1267
9,0.9454270515128401,1.0621451,2.952752828598022,0.014591653831303002,38.07461929321289,-4.399863719940185,discharge,1267
9,0.9448778507834461,1.0621451,2.953453540802002,0.014591653831303002,38.073402404785156,-4.399872303009033,discharge,1267
9,0.9443142609659181,1.0621451,2.954154253005981,0.014591653831303002,38.0714225769043,-4.399876117706299,discharge,1267
9,0.9437249602727251,1.0621451,2.954854965209961,0.014591653831303002,38.06807327270508,-4.3998703956604,discharge,1267
9,0.943135659579533,1.0621451,2.9555554389953613,0.014591653831303002,38.06472396850586,-4.399864673614502,discharge,1267
9,0.9425463588863401,1.0621451,2.956256151199341,0.014591653831303002,38.061370849609375,-4.399859428405762,discharge,1267
9,0.9419570581931471,1.0621451,2.9569568634033203,0.014591653831303002,38.058021545410156,-4.399853706359863,discharge,1267
9,0.941367757499954,1.0621451,2.9576575756073,0.014591653831303002,38.05467224121094,-4.399847984313965,discharge,1267
9,0.9407784568067621,1.0621451,2.9583582878112793,0.014591653831303002,38.05132293701172,-4.399842262268066,discharge,1267
9,0.9401891561135691,1.0621451,2.9590590000152592,0.014591653831303002,38.0479736328125,-4.399836540222168,discharge,1267
9,0.939599855420376,1.0621451,2.9597597122192383,0.014591653831303002,38.04462432861328,-4.399831295013428,discharge,1267
9,0.9390105547271831,1.0621451,2.960460424423217,0.014591653831303002,38.04127502441406,-4.399825572967529,discharge,1267
9,0.9384212540339911,1.0621451,2.9611611366271973,0.014591653831303002,38.037925720214844,-4.399819850921631,discharge,1267
9,0.9377775761060391,1.0621451,2.961861848831176,0.014591653831303002,38.03294372558594,-4.3998212814331055,discharge,1267
9,0.93713299729173,1.0621451,2.9625625610351562,0.014591653831303002,38.02793884277344,-4.39982271194458,discharge,1267
9,0.936488418477422,1.0621451,2.963263273239135,0.014591653831303002,38.02293014526367,-4.399824142456055,discharge,1267
9,0.935843839663114,1.0621451,2.9639639854431152,0.014591653831303002,38.017921447753906,-4.399825572967529,discharge,1267
9,0.9351992608488061,1.0621451,2.964664697647094,0.014591653831303002,38.012916564941406,-4.399827003479004,discharge,1267
9,0.9345546820344981,1.0621451,2.965365409851074,0.014591653831303002,38.00790786743164,-4.399828433990478,discharge,1267
9,0.9339101032201891,1.0621451,2.966066122055053,0.014591653831303002,38.002899169921875,-4.399829864501953,discharge,1267
9,0.9332655244058811,1.0621451,2.966766834259033,0.014591653831303002,37.997894287109375,-4.399831295013428,discharge,1267
9,0.932620945591573,1.0621451,2.967467546463012,0.014591653831303002,37.99288558959961,-4.399832725524902,discharge,1267
9,0.9319601853541271,1.0621451,2.968168258666992,0.014591653831303002,37.98577117919922,-4.399833679199219,discharge,1267
9,0.9312799469014781,1.0621451,2.9688689708709712,0.014591653831303002,37.97611999511719,-4.39983320236206,discharge,1267
9,0.9305997084488281,1.0621451,2.969569683074951,0.014591653831303002,37.966468811035156,-4.39983320236206,discharge,1267
9,0.929919469996179,1.0621451,2.970270156860351,0.014591653831303002,37.95682144165039,-4.399832725524902,discharge,1267
9,0.92923923154353,1.0621451,2.970970869064331,0.014591653831303002,37.94717025756836,-4.399832725524902,discharge,1267
9,0.9285589930908811,1.0621451,2.97167158126831,0.014591653831303002,37.93751907348633,-4.399832248687744,discharge,1267
9,0.9278787546382311,1.0621451,2.97237229347229,0.014591653831303002,37.9278678894043,-4.399831771850586,discharge,1267
9,0.927198516185582,1.0621451,2.973073005676269,0.014591653831303002,37.91822052001953,-4.399831771850586,discharge,1267
9,0.926518277732933,1.0621451,2.973773717880249,0.014591653831303002,37.9085693359375,-4.399831295013428,discharge,1267
9,0.9258092407401001,1.0621451,2.974474430084228,0.014591653831303002,37.90279006958008,-4.399830818176269,discharge,1267
9,0.9250713546124381,1.0621451,2.975175142288208,0.014591653831303002,37.90088653564453,-4.399829387664795,discharge,1267
9,0.924333468484776,1.0621451,2.975875854492187,0.014591653831303002,37.898983001708984,-4.39982795715332,discharge,1267
9,0.923595582357113,1.0621451,2.976576566696167,0.014591653831303002,37.8970832824707,-4.399826526641846,discharge,1267
9,0.922857696229451,1.0621451,2.977277278900146,0.014591653831303002,37.895179748535156,-4.399825096130371,discharge,1267
9,0.9221198101017891,1.0621451,2.977977991104126,0.014591653831303002,37.89327621459961,-4.3998236656188965,discharge,1267
9,0.9213819239741271,1.0621451,2.978678703308105,0.014591653831303002,37.89137649536133,-4.399822235107422,discharge,1267
9,0.9206440378464651,1.0621451,2.979379415512085,0.014591653831303002,37.88947296142578,-4.399820804595947,discharge,1267
9,0.9198964107410751,1.0621451,2.980080127716064,0.014591653831303002,37.8861083984375,-4.399823188781738,discharge,1267
9,0.9191054896876311,1.0621451,2.980780839920044,0.014591653831303002,37.87623977661133,-4.399842262268066,discharge,1267
9,0.918314568634186,1.0621451,2.981481552124023,0.014591653831303002,37.86636734008789,-4.399861335754394,discharge,1267
9,0.9175236475807411,1.0621451,2.982182264328003,0.014591653831303002,37.85649871826172,-4.399880409240723,discharge,1267
9,0.9167327265272971,1.0621451,2.982882976531982,0.014591653831303002,37.84663009643555,-4.399899005889893,discharge,1267
9,0.9159418054738521,1.0621451,2.983583688735962,0.014591653831303002,37.836761474609375,-4.399918079376221,discharge,1267
9,0.915150884420407,1.0621451,2.984284400939941,0.014591653831303002,37.8268928527832,-4.399937152862549,discharge,1267
9,0.9143599633669631,1.0621451,2.9849848747253422,0.014591653831303002,37.81702423095703,-4.399956226348877,discharge,1267
9,0.9135495931824641,1.0621451,2.9856855869293213,0.014591653831303002,37.81009292602539,-4.3999738693237305,discharge,1267
9,0.9127121026359171,1.0621451,2.9863862991333012,0.014591653831303002,37.8072624206543,-4.399990558624268,discharge,1267
9,0.911874612089371,1.0621451,2.9870870113372803,0.014591653831303002,37.8044319152832,-4.4000067710876465,discharge,1267
9,0.9110371215428241,1.0621451,2.987787723541259,0.014591653831303002,37.80160140991211,-4.400022983551025,discharge,1267
9,0.9101996309962781,1.0621451,2.9884884357452393,0.014591653831303002,37.798770904541016,-4.4000396728515625,discharge,1267
9,0.9093621404497311,1.0621451,2.989189147949218,0.014591653831303002,37.79594421386719,-4.400055885314941,discharge,1267
9,0.908524649903185,1.0621451,2.9898898601531982,0.014591653831303002,37.793113708496094,-4.40007209777832,discharge,1267
9,0.9076831111528341,1.0621451,2.990590572357177,0.014591653831303002,37.78944396972656,-4.400083065032959,discharge,1267
9,0.906805436813901,1.0621451,2.9912912845611572,0.014591653831303002,37.77829360961914,-4.400046825408935,discharge,1267
9,0.9059277624749681,1.0621451,2.991991996765136,0.014591653831303002,37.767147064208984,-4.400010585784912,discharge,1267
9,0.905050088136035,1.0621451,2.992692708969116,0.014591653831303002,37.75599670410156,-4.399974346160889,discharge,1267
9,0.9041724137971021,1.0621451,2.993393421173095,0.014591653831303002,37.74484634399414,-4.399937629699707,discharge,1267
9,0.9032947394581691,1.0621451,2.994094133377075,0.014591653831303002,37.73369598388672,-4.399901390075684,discharge,1267
9,0.902417065119235,1.0621451,2.9947948455810542,0.014591653831303002,37.72254943847656,-4.39986515045166,discharge,1267
9,0.9015291703808721,1.0621451,2.995495557785034,0.014591653831303002,37.71370315551758,-4.399834632873535,discharge,1267
9,0.9005772820912211,1.0621451,2.9961962699890132,0.014591653831303002,37.71928405761719,-4.399840354919434,discharge,1267
9,0.89962539380157,1.0621451,2.996896982192993,0.014591653831303002,37.7248649597168,-4.39984655380249,discharge,1267
9,0.89867350551192,1.0621451,2.997597694396972,0.014591653831303002,37.730445861816406,-4.399852275848389,discharge,1267
9,0.8977216172222691,1.0621451,2.998298406600952,0.014591653831303002,37.736026763916016,-4.399857997894287,discharge,1267
9,0.8967697289326181,1.0621451,2.998998880386352,0.014591653831303002,37.741607666015625,-4.399864196777344,discharge,1267
9,0.8958178406429681,1.0621451,2.999699592590332,0.014591653831303002,37.7471923828125,-4.399869918823242,discharge,1267
9,0.8948274411493831,1.0621451,3.000400304794311,0.014591653831303002,37.73478698730469,-4.399872303009033,discharge,1267
9,0.8938209649772111,1.0621451,3.001101016998291,0.014591653831303002,37.714874267578125,-4.399872303009033,discharge,1267
9,0.8928144888050391,1.0621451,3.00180172920227,0.014591653831303002,37.69496154785156,-4.399872779846191,discharge,1267
9,0.891808012632867,1.0621451,3.00250244140625,0.014591653831303002,37.675048828125,-4.39987325668335,discharge,1267
9,0.890801536460695,1.0621451,3.003203153610229,0.014591653831303002,37.6551399230957,-4.399873733520508,discharge,1267
9,0.8897950602885221,1.0621451,3.003903865814209,0.014591653831303002,37.63522720336914,-4.399874210357666,discharge,1267
9,0.8887641079217431,1.0621451,3.004604578018188,0.014591653831303002,37.62962341308594,-4.399869441986084,discharge,1267
9,0.8877173800055961,1.0621451,3.005305290222168,0.014591653831303002,37.63324737548828,-4.399861812591553,discharge,1267
9,0.8866706520894501,1.0621451,3.006006002426147,0.014591653831303002,37.63686752319336,-4.3998541831970215,discharge,1267
9,0.885623924173302,1.0621451,3.006706714630127,0.014591653831303002,37.6404914855957,-4.399846076965332,discharge,1267
9,0.884577196257156,1.0621451,3.007407426834106,0.014591653831303002,37.64411163330078,-4.399838447570801,discharge,1267
9,0.8835304683410091,1.0621451,3.008108139038086,0.014591653831303002,37.647735595703125,-4.399830818176269,discharge,1267
9,0.8824283769274671,1.0621451,3.008808851242065,0.014591653831303002,37.632568359375,-4.39984655380249,discharge,1267
9,0.8813089071275021,1.0621451,3.009509563446045,0.014591653831303002,37.61150360107422,-4.399869918823242,discharge,1267
9,0.8801894373275361,1.0621451,3.010210275650024,0.014591653831303002,37.5904426574707,-4.399893283843994,discharge,1267
9,0.879069967527569,1.0621451,3.010910987854004,0.014591653831303002,37.56937789916992,-4.399916172027588,discharge,1267
9,0.877950497727604,1.0621451,3.011611700057983,0.014591653831303002,37.54831314086914,-4.39993953704834,discharge,1267
9,0.8768170601486581,1.0621451,3.012312412261963,0.014591653831303002,37.53496170043945,-4.399946689605713,discharge,1267
9,0.8756452018400581,1.0621451,3.013013124465942,0.014591653831303002,37.54281234741211,-4.399908542633057,discharge,1267
9,0.8744733435314581,1.0621451,3.013713598251342,0.014591653831303002,37.55066680908203,-4.399870872497559,discharge,1267
9,0.8733014852228571,1.0621451,3.014414310455322,0.014591653831303002,37.55852127075195,-4.399832725524902,discharge,1267
9,0.8721296269142571,1.0621451,3.015115022659301,0.014591653831303002,37.566375732421875,-4.399795055389404,discharge,1267
9,0.870956393567011,1.0621451,3.015815734863281,0.014591653831303002,37.57342529296875,-4.399758815765381,discharge,1267
9,0.8697398021077161,1.0621451,3.01651644706726,0.014591653831303002,37.55522537231445,-4.399776458740234,discharge,1267
9,0.8685232106484201,1.0621451,3.01721715927124,0.014591653831303002,37.537025451660156,-4.399794101715088,discharge,1267
9,0.8673066191891241,1.0621451,3.017917871475219,0.014591653831303002,37.51882553100586,-4.399811744689941,discharge,1267
9,0.866090027729829,1.0621451,3.018618583679199,0.014591653831303002,37.5006217956543,-4.399828910827637,discharge,1267
9,0.864872880463696,1.0621451,3.019319295883178,0.014591653831303002,37.482452392578125,-4.39984655380249,discharge,1267
9,0.863578866197344,1.0621451,3.020020008087158,0.014591653831303002,37.468101501464844,-4.399857997894287,discharge,1267
9,0.862284851930992,1.0621451,3.020720720291137,0.014591653831303002,37.45375442504883,-4.399869918823242,discharge,1267
9,0.86099083766464,1.0621451,3.021421432495117,0.014591653831303002,37.43940734863281,-4.399881362915039,discharge,1267
9,0.859696823398288,1.0621451,3.022122144699096,0.014591653831303002,37.4250602722168,-4.399892807006836,discharge,1267
9,0.858385132264584,1.0621451,3.022822856903076,0.014591653831303002,37.41313552856445,-4.399896621704102,discharge,1267
9,0.8570301318740461,1.0621451,3.023523569107055,0.014591653831303002,37.40715789794922,-4.3998823165893555,discharge,1267
9,0.855675131483508,1.0621451,3.024224281311035,0.014591653831303002,37.40117645263672,-4.399868011474609,discharge,1267
9,0.8543201310929711,1.0621451,3.024924993515014,0.014591653831303002,37.395198822021484,-4.399853706359863,discharge,1267
9,0.8529651307024331,1.0621451,3.025625705718994,0.014591653831303002,37.389217376708984,-4.399839401245117,discharge,1267
9,0.8515931437342331,1.0621451,3.026326417922973,0.014591653831303002,37.38454818725586,-4.399861335754394,discharge,1267
9,0.850215922040069,1.0621451,3.027027130126953,0.014591653831303002,37.380279541015625,-4.39989423751831,discharge,1267
9,0.848838700345904,1.0621451,3.027727842330932,0.014591653831303002,37.37601089477539,-4.399927139282227,discharge,1267
9,0.847461478651739,1.0621451,3.028428316116333,0.014591653831303002,37.371742248535156,-4.399960041046143,discharge,1267
9,0.8460594091763891,1.0621451,3.029129028320312,0.014591653831303002,37.37433624267578,-4.39998197555542,discharge,1267
9,0.844605027011998,1.0621451,3.029829740524292,0.014591653831303002,37.39138412475586,-4.399981021881103,discharge,1267
9,0.843150644847608,1.0621451,3.030530452728271,0.014591653831303002,37.4084358215332,-4.399979591369629,discharge,1267
9,0.8416962626832171,1.0621451,3.031231164932251,0.014591653831303002,37.42548370361328,-4.3999786376953125,discharge,1267
9,0.840238789847018,1.0621451,3.03193187713623,0.014591653831303002,37.43842315673828,-4.399974822998047,discharge,1267
9,0.838756564320392,1.0621451,3.03263258934021,0.014591653831303002,37.41844177246094,-4.399949073791504,discharge,1267
9,0.8372743387937661,1.0621451,3.033333301544189,0.014591653831303002,37.39846420288086,-4.399923801422119,discharge,1267
9,0.8357921132671391,1.0621451,3.034034013748169,0.014591653831303002,37.37848663330078,-4.399898052215576,discharge,1267
9,0.8343098877405131,1.0621451,3.034734725952148,0.014591653831303002,37.3585090637207,-4.399872303009033,discharge,1267
9,0.8327448434247,1.0621451,3.035435438156128,0.014591653831303002,37.33259201049805,-4.399869918823242,discharge,1267
9,0.831177897608364,1.0621451,3.036136150360107,0.014591653831303002,37.306541442871094,-4.399867534637451,discharge,1267
9,0.829610951792029,1.0621451,3.036836862564087,0.014591653831303002,37.28049087524414,-4.399865627288818,discharge,1267
9,0.8280421315100901,1.0621451,3.037537574768066,0.014591653831303002,37.257808685302734,-4.399860858917236,discharge,1267
9,0.8264494240731831,1.0621451,3.038238286972046,0.014591653831303002,37.278106689453125,-4.399819850921631,discharge,1267
9,0.824856716636275,1.0621451,3.038938999176025,0.014591653831303002,37.29840087890625,-4.399779319763184,discharge,1267
9,0.823264009199368,1.0621451,3.039639711380005,0.014591653831303002,37.318695068359375,-4.399738311767578,discharge,1267
9,0.821657810729104,1.0621451,3.040340423583984,0.014591653831303002,37.329410552978516,-4.399716854095459,discharge,1267
9,0.820008270427927,1.0621451,3.041041135787964,0.014591653831303002,37.30935287475586,-4.3997578620910645,discharge,1267
9,0.8183587301267501,1.0621451,3.041741847991943,0.014591653831303002,37.28929901123047,-4.399798393249512,discharge,1267
9,0.8167091898255741,1.0621451,3.042442560195923,0.014591653831303002,37.26924133300781,-4.399839401245117,discharge,1267
9,0.815028220572616,1.0621451,3.043143033981323,0.014591653831303002,37.25829315185547,-4.399864673614502,discharge,1267
9,0.8133168317415941,1.0621451,3.043843746185302,0.014591653831303002,37.25616455078125,-4.399874687194824,discharge,1267
9,0.811605442910571,1.0621451,3.0445444583892822,0.014591653831303002,37.254032135009766,-4.399885177612305,discharge,1267
9,0.8098940540795491,1.0621451,3.045245170593261,0.014591653831303002,37.25190353393555,-4.399895191192627,discharge,1267
9,0.808127490603855,1.0621451,3.045945882797241,0.014591653831303002,37.23675537109375,-4.3999152183532715,discharge,1267
9,0.806356775060411,1.0621451,3.04664659500122,0.014591653831303002,37.22062683105469,-4.399935722351074,discharge,1267
9,0.804586059516966,1.0621451,3.0473473072052,0.014591653831303002,37.20450210571289,-4.399956226348877,discharge,1267
9,0.8028119970168851,1.0621451,3.048048019409179,0.014591653831303002,37.1961669921875,-4.399949550628662,discharge,1267
9,0.80103410214374,1.0621451,3.048748731613159,0.014591653831303002,37.19676208496094,-4.399911403656006,discharge,1267
9,0.7992562072705961,1.0621451,3.049449443817138,0.014591653831303002,37.19735336303711,-4.399873733520508,discharge,1267
9,0.7974770376967201,1.0621451,3.050150156021118,0.014591653831303002,37.19765090942383,-4.39983606338501,discharge,1267
9,0.7956119700202211,1.0621451,3.050850868225097,0.014591653831303002,37.178226470947266,-4.39983606338501,discharge,1267
9,0.793746902343722,1.0621451,3.051551580429077,0.014591653831303002,37.1588020324707,-4.39983606338501,discharge,1267
9,0.7918818346672231,1.0621451,3.052252292633056,0.014591653831303002,37.139373779296875,-4.39983606338501,discharge,1267
9,0.78995754974607,1.0621451,3.052953004837036,0.014591653831303002,37.12376403808594,-4.3998517990112305,discharge,1267
9,0.7880115642480671,1.0621451,3.053653717041015,0.014591653831303002,37.10954666137695,-4.399873733520508,discharge,1267
9,0.7860655787500641,1.0621451,3.054354429244995,0.014591653831303002,37.095333099365234,-4.399895191192627,discharge,1267
9,0.784136720651298,1.0621451,3.055055141448974,0.014591653831303002,37.083736419677734,-4.399891853332519,discharge,1267
9,0.782220143597515,1.0621451,3.055755853652954,0.014591653831303002,37.07402038574219,-4.399870872497559,discharge,1267
9,0.780303566543732,1.0621451,3.056456565856933,0.014591653831303002,37.064300537109375,-4.399849891662598,discharge,1267
9,0.778337278903099,1.0621451,3.057157039642334,0.014591653831303002,37.05707550048828,-4.399845123291016,discharge,1267
9,0.77629215109707,1.0621451,3.057857751846313,0.014591653831303002,37.053794860839844,-4.399866580963135,discharge,1267
9,0.7742470232910401,1.0621451,3.058558464050293,0.014591653831303002,37.050514221191406,-4.399888038635254,discharge,1267
9,0.7722218077835791,1.0621451,3.059259176254272,0.014591653831303002,37.045013427734375,-4.399893760681152,discharge,1267
9,0.7702262176899101,1.0621451,3.059959888458252,0.014591653831303002,37.03620910644531,-4.399875164031982,discharge,1267
9,0.7682306275962391,1.0621451,3.060660600662231,0.014591653831303002,37.027408599853516,-4.399857044219971,discharge,1267
9,0.7661694257463111,1.0621451,3.061361312866211,0.014591653831303002,37.02479553222656,-4.399838447570801,discharge,1267
9,0.76398295351411,1.0621451,3.06206202507019,0.014591653831303002,37.03400802612305,-4.3998188972473145,discharge,1267
9,0.761796481281909,1.0621451,3.06276273727417,0.014591653831303002,37.04322052001953,-4.399799823760986,discharge,1267
9,0.759649018182858,1.0621451,3.063463449478149,0.014591653831303002,37.03548049926758,-4.3997955322265625,discharge,1267
9,0.7575342418572351,1.0621451,3.064164161682129,0.014591653831303002,37.01353454589844,-4.399804592132568,discharge,1267
9,0.7554194655316121,1.0621451,3.064864873886108,0.014591653831303002,36.9915885925293,-4.399813652038574,discharge,1267
9,0.75321384432486,1.0621451,3.065565586090088,0.014591653831303002,36.968074798583984,-4.3998122215271,discharge,1267
9,0.750959714805654,1.0621451,3.066266298294067,0.014591653831303002,36.943721771240234,-4.399805545806885,discharge,1267
9,0.748705585286448,1.0621451,3.066967010498047,0.014591653831303002,36.91937255859375,-4.399799346923828,discharge,1267
9,0.7464517645691681,1.0621451,3.067667722702026,0.014591653831303002,36.92872619628906,-4.399819374084473,discharge,1267
9,0.744197963306647,1.0621451,3.068368434906006,0.014591653831303002,36.94020462036133,-4.39984130859375,discharge,1267
9,0.7419185626493191,1.0621451,3.069069147109985,0.014591653831303002,36.94219207763672,-4.399849891662598,discharge,1267
9,0.739550538663842,1.0621451,3.069769859313965,0.014591653831303002,36.91130828857422,-4.399813175201416,discharge,1267
9,0.737182514678364,1.0621451,3.070470571517944,0.014591653831303002,36.880428314208984,-4.399776458740234,discharge,1267
9,0.7348219651108541,1.0621451,3.071171283721924,0.014591653831303002,36.8723258972168,-4.399748802185059,discharge,1267
9,0.732465603789599,1.0621451,3.071871757507324,0.014591653831303002,36.876983642578125,-4.399726390838623,discharge,1267
9,0.730105045210916,1.0621451,3.072572469711303,0.014591653831303002,36.88134002685547,-4.399708747863769,discharge,1267
9,0.727622076521883,1.0621451,3.073273181915283,0.014591653831303002,36.876914978027344,-4.399819374084473,discharge,1267
9,0.7251391078328501,1.0621451,3.073973894119262,0.014591653831303002,36.87248992919922,-4.399930477142334,discharge,1267
9,0.722623629991324,1.0621451,3.074674606323242,0.014591653831303002,36.87086486816406,-4.399935722351074,discharge,1267
9,0.7200830459144111,1.0621451,3.075375318527221,0.014591653831303002,36.87139892578125,-4.399860382080078,discharge,1267
9,0.717549045268962,1.0621451,3.076076030731201,0.014591653831303002,36.86912536621094,-4.399810314178467,discharge,1267
9,0.715049787105827,1.0621451,3.07677674293518,0.014591653831303002,36.852020263671875,-4.399898052215576,discharge,1267
9,0.7125505289426941,1.0621451,3.07747745513916,0.014591653831303002,36.83491897583008,-4.399985313415527,discharge,1267
9,0.710030194683118,1.0621451,3.078178167343139,0.014591653831303002,36.826454162597656,-4.39995527267456,discharge,1267
9,0.707501056986622,1.0621451,3.078878879547119,0.014591653831303002,36.82160186767578,-4.399876117706299,discharge,1267
9,0.7049226624246641,1.0621451,3.079579591751098,0.014591653831303002,36.82284164428711,-4.399821758270264,discharge,1267
9,0.702223404592042,1.0621451,3.080280303955078,0.014591653831303002,36.83905029296875,-4.399828433990478,discharge,1267
9,0.699524084086881,1.0621451,3.080981016159057,0.014591653831303002,36.854248046875,-4.399834632873535,discharge,1267
9,0.696821986090801,1.0621451,3.081681728363037,0.014591653831303002,36.82484817504883,-4.39982795715332,discharge,1267
9,0.69411988809472,1.0621451,3.082382440567016,0.014591653831303002,36.79544448852539,-4.3998212814331055,discharge,1267
9,0.691440252761874,1.0621451,3.083083152770996,0.014591653831303002,36.77410125732422,-4.399844646453857,discharge,1267
9,0.6887679227479461,1.0621451,3.083783864974975,0.014591653831303002,36.75537872314453,-4.399877548217773,discharge,1267
9,0.68600504897571,1.0621451,3.084484577178955,0.014591653831303002,36.73494338989258,-4.39990758895874,discharge,1267
9,0.6831369984978041,1.0621451,3.085185289382934,0.014591653831303002,36.7125244140625,-4.3999342918396,discharge,1267
9,0.6802429717223281,1.0621451,3.085886001586914,0.014591653831303002,36.702518463134766,-4.399937152862549,discharge,1267
9,0.677295851413502,1.0621451,3.086586475372314,0.014591653831303002,36.71788024902344,-4.399892807006836,discharge,1267
9,0.674376142280083,1.0621451,3.087287187576294,0.014591653831303002,36.725833892822266,-4.399860858917236,discharge,1267
9,0.6715403823433801,1.0621451,3.087987899780273,0.014591653831303002,36.71110534667969,-4.399867534637451,discharge,1267
9,0.6686944529005511,1.0621451,3.088688611984253,0.014591653831303002,36.6966438293457,-4.399874687194824,discharge,1267
9,0.6657388169753491,1.0621451,3.089389324188232,0.014591653831303002,36.6850700378418,-4.399892807006836,discharge,1267
9,0.662782849116006,1.0621451,3.090090036392212,0.014591653831303002,36.6735725402832,-4.3999104499816895,discharge,1267
9,0.6597403072796441,1.0621451,3.090790748596191,0.014591653831303002,36.681541442871094,-4.399864673614502,discharge,1267
9,0.6566977654432821,1.0621451,3.091491460800171,0.014591653831303002,36.689510345458984,-4.399818420410156,discharge,1267
9,0.653708995514746,1.0621451,3.09219217300415,0.014591653831303002,36.69694137573242,-4.399891376495361,discharge,1267
9,0.650720499059062,1.0621451,3.09289288520813,0.014591653831303002,36.704368591308594,-4.399964332580566,discharge,1267
9,0.647726862759741,1.0621451,3.093593597412109,0.014591653831303002,36.68574142456055,-4.399935245513916,discharge,1267
9,0.6447329520247831,1.0621451,3.094294309616089,0.014591653831303002,36.66572570800781,-4.399900913238525,discharge,1267
9,0.6416983105756731,1.0621451,3.094995021820068,0.014591653831303002,36.64906692504883,-4.399879455566406,discharge,1267
9,0.638659123479945,1.0621451,3.095695734024048,0.014591653831303002,36.632781982421875,-4.399859428405762,discharge,1267
9,0.6354886566318461,1.0621451,3.096396446228027,0.014591653831303002,36.618560791015625,-4.399840354919434,discharge,1267
9,0.6323014051443281,1.0621451,3.097097158432007,0.014591653831303002,36.6046028137207,-4.3998212814331055,discharge,1267
9,0.629136267615242,1.0621451,3.097797870635986,0.014591653831303002,36.61110305786133,-4.399755001068115,discharge,1267
9,0.6259720415112291,1.0621451,3.098498582839966,0.014591653831303002,36.61762619018555,-4.399688720703125,discharge,1267
9,0.6228140221146631,1.0621451,3.099199295043945,0.014591653831303002,36.60018539428711,-4.399694919586182,discharge,1267
9,0.619663816845749,1.0621451,3.099900007247925,0.014591653831303002,36.58296585083008,-4.399709224700928,discharge,1267
9,0.616591313612117,1.0621451,3.100600719451904,0.014591653831303002,36.567935943603516,-4.399806022644043,discharge,1267
9,0.6135104673654761,1.0621451,3.101301193237304,0.014591653831303002,36.5536994934082,-4.399893283843994,discharge,1267
9,0.6103445390651161,1.0621451,3.102001905441284,0.014591653831303002,36.54753494262695,-4.3998823165893555,discharge,1267
9,0.607179404156444,1.0621451,3.102702617645263,0.014591653831303002,36.53950500488281,-4.399877071380615,discharge,1267
9,0.6040184972967271,1.0621451,3.103403329849243,0.014591653831303002,36.521522521972656,-4.399899482727051,discharge,1267
9,0.6008579590081741,1.0621451,3.104104042053222,0.014591653831303002,36.50457000732422,-4.39989709854126,discharge,1267
9,0.59769866825631,1.0621451,3.104804754257202,0.014591653831303002,36.491111755371094,-4.399810314178467,discharge,1267
9,0.5945339208354891,1.0621451,3.105505466461181,0.014591653831303002,36.480751037597656,-4.399744987487793,discharge,1267
9,0.591355542273034,1.0621451,3.106206178665161,0.014591653831303002,36.478118896484375,-4.399734973907471,discharge,1267
9,0.5881638527029901,1.0621451,3.10690689086914,0.014591653831303002,36.467899322509766,-4.3997297286987305,discharge,1267
9,0.5849487781361921,1.0621451,3.10760760307312,0.014591653831303002,36.444339752197266,-4.399734020233154,discharge,1267
9,0.5817072151353481,1.0621451,3.108308315277099,0.014591653831303002,36.43601989746094,-4.399745941162109,discharge,1267
9,0.578434388404093,1.0621451,3.109009027481079,0.014591653831303002,36.44568634033203,-4.39976692199707,discharge,1267
9,0.57515469176039,1.0621451,3.109709739685058,0.014591653831303002,36.422157287597656,-4.399782657623291,discharge,1267
9,0.571870220389427,1.0621451,3.110410451889038,0.014591653831303002,36.375553131103516,-4.399794578552246,discharge,1267
9,0.568563014778186,1.0621451,3.111111164093017,0.014591653831303002,36.37358093261719,-4.399783611297607,discharge,1267
9,0.565247083036938,1.0621451,3.111811876296997,0.014591653831303002,36.38874053955078,-4.399764060974121,discharge,1267
9,0.56200251090229,1.0621451,3.112512588500976,0.014591653831303002,36.37009048461914,-4.399751663208008,discharge,1267
9,0.55876844822194,1.0621451,3.113213300704956,0.014591653831303002,36.346458435058594,-4.399739742279053,discharge,1267
9,0.5555176393666861,1.0621451,3.113914012908935,0.014591653831303002,36.32405090332031,-4.39976692199707,discharge,1267
9,0.5522428020954281,1.0621451,3.114614725112915,0.014591653831303002,36.304203033447266,-4.3997955322265625,discharge,1267
9,0.548761580939629,1.0621451,3.115315198898315,0.014591653831303002,36.30644226074219,-4.399834156036377,discharge,1267
9,0.5453339827072691,1.0621451,3.116015911102295,0.014591653831303002,36.308135986328125,-4.399861335754394,discharge,1267
9,0.542012847669841,1.0621451,3.116716623306274,0.014591653831303002,36.308746337890625,-4.399866580963135,discharge,1267
9,0.538617170608228,1.0621451,3.117417335510254,0.014591653831303002,36.27699661254883,-4.399862289428711,discharge,1267
9,0.535145400314414,1.0621451,3.118118047714233,0.014591653831303002,36.21221923828125,-4.399847984313965,discharge,1267
9,0.5317162713162741,1.0621451,3.118818759918213,0.014591653831303002,36.206119537353516,-4.399780750274658,discharge,1267
9,0.5283025132349001,1.0621451,3.119519472122192,0.014591653831303002,36.22117233276367,-4.399694442749023,discharge,1267
9,0.524758067436158,1.0621451,3.120220184326172,0.014591653831303002,36.20269775390625,-4.399869918823242,discharge,1267
9,0.5212223258868011,1.0621451,3.120920896530151,0.014591653831303002,36.186676025390625,-4.400005340576172,discharge,1267
9,0.5177525486519851,1.0621451,3.121621608734131,0.014591653831303002,36.188385009765625,-4.39992094039917,discharge,1267
9,0.5142954782957531,1.0621451,3.12232232093811,0.014591653831303002,36.17519760131836,-4.399863719940185,discharge,1267
9,0.510854100101386,1.0621451,3.12302303314209,0.014591653831303002,36.14360809326172,-4.399840354919434,discharge,1267
9,0.507360011748462,1.0621451,3.123723745346069,0.014591653831303002,36.12880325317383,-4.399840354919434,discharge,1267
9,0.503840588369814,1.0621451,3.124424457550049,0.014591653831303002,36.12206268310547,-4.399851322174072,discharge,1267
9,0.500088732567567,1.0621451,3.125125169754028,0.014591653831303002,36.09878921508789,-4.399801254272461,discharge,1267
9,0.49640215993046805,1.0621451,3.125825881958008,0.014591653831303002,36.07915115356445,-4.3997802734375,discharge,1267
9,0.49290226446380203,1.0621451,3.126526594161987,0.014591653831303002,36.07050323486328,-4.399837017059326,discharge,1267
9,0.48913517367208204,1.0621451,3.127227306365967,0.014591653831303002,36.06239318847656,-4.399814605712891,discharge,1267
9,0.48516741625825005,1.0621451,3.127928018569946,0.014591653831303002,36.05467224121094,-4.399734973907471,discharge,1267
9,0.48144261780768705,1.0621451,3.128628730773926,0.014591653831303002,36.04605484008789,-4.399780750274658,discharge,1267
9,0.47776584452652604,1.0621451,3.129329442977905,0.014591653831303002,36.038734436035156,-4.399806499481201,discharge,1267
9,0.47416745960696105,1.0621451,3.1300299167633048,0.014591653831303002,36.033531188964844,-4.39979887008667,discharge,1267
9,0.470442259436163,1.0621451,3.130730628967285,0.014591653831303002,36.02561950683594,-4.399786472320557,discharge,1267
9,0.46664872461480206,1.0621451,3.131431341171264,0.014591653831303002,36.01599884033203,-4.399779319763184,discharge,1267
9,0.462725679627902,1.0621451,3.132132053375244,0.014591653831303002,35.99941635131836,-4.39990758895874,discharge,1267
9,0.45882649222604105,1.0621451,3.132832765579223,0.014591653831303002,35.97319030761719,-4.399904251098633,discharge,1267
9,0.45495149572283805,1.0621451,3.133533477783203,0.014591653831303002,35.93718338012695,-4.399767398834228,discharge,1267
9,0.45113339360909505,1.0621451,3.134234189987182,0.014591653831303002,35.929080963134766,-4.3999176025390625,discharge,1267
9,0.447236267334899,1.0621451,3.134934902191162,0.014591653831303002,35.91753387451172,-4.400012969970703,discharge,1267
9,0.443146953544276,1.0621451,3.135635614395141,0.014591653831303002,35.8922233581543,-4.399922847747803,discharge,1267
9,0.43922060268121105,1.0621451,3.136336326599121,0.014591653831303002,35.88682556152344,-4.399938583374023,discharge,1267
9,0.43530503134153503,1.0621451,3.1370370388031,0.014591653831303002,35.87841033935547,-4.399964809417725,discharge,1267
9,0.43129404445705005,1.0621451,3.13773775100708,0.014591653831303002,35.84375,-4.399944305419922,discharge,1267
9,0.427263417328657,1.0621451,3.138438463211059,0.014591653831303002,35.83491134643555,-4.399964332580566,discharge,1267
9,0.42322862077528506,1.0621451,3.139139175415039,0.014591653831303002,35.825801849365234,-4.399970531463623,discharge,1267
9,0.419211637904414,1.0621451,3.139839887619018,0.014591653831303002,35.768028259277344,-4.399839878082275,discharge,1267
9,0.41504696991586204,1.0621451,3.140540599822998,0.014591653831303002,35.716835021972656,-4.399913311004639,discharge,1267
9,0.41083573951124003,1.0621451,3.141241312026977,0.014591653831303002,35.67857360839844,-4.40001916885376,discharge,1267
9,0.40672913927074406,1.0621451,3.141942024230957,0.014591653831303002,35.674747467041016,-4.399862766265869,discharge,1267
9,0.402490069575195,1.0621451,3.142642736434936,0.014591653831303002,35.63983154296875,-4.399707317352295,discharge,1267
9,0.398187297667114,1.0621451,3.143343448638916,0.014591653831303002,35.6055793762207,-4.39967155456543,discharge,1267
9,0.393850913996445,1.0621451,3.144044160842895,0.014591653831303002,35.59929656982422,-4.399910926818848,discharge,1267
9,0.389332104557902,1.0621451,3.144744634628296,0.014591653831303002,35.58283233642578,-4.39995527267456,discharge,1267
9,0.38499464402329703,1.0621451,3.145445346832275,0.014591653831303002,35.566680908203125,-4.399961471557617,discharge,1267
9,0.38079901801735205,1.0621451,3.146146059036255,0.014591653831303002,35.55112838745117,-4.399946212768555,discharge,1267
9,0.37629158059906703,1.0621451,3.146846771240234,0.014591653831303002,35.52768325805664,-4.399829387664795,discharge,1267
9,0.371729526110443,1.0621451,3.147547483444214,0.014591653831303002,35.479618072509766,-4.39985466003418,discharge,1267
9,0.367239432175457,1.0621451,3.148248195648193,0.014591653831303002,35.435062408447266,-4.399919033050537,discharge,1267
9,0.36289907983151104,1.0621451,3.148948907852173,0.014591653831303002,35.41157531738281,-4.399956703186035,discharge,1267
9,0.358203302840837,1.0621451,3.149649620056152,0.014591653831303002,35.361690521240234,-4.399919509887695,discharge,1267
9,0.35347668949085204,1.0621451,3.150350332260132,0.014591653831303002,35.314945220947266,-4.399919509887695,discharge,1267
9,0.348666235533003,1.0621451,3.151051044464111,0.014591653831303002,35.26142120361328,-4.39990234375,discharge,1267
9,0.34375571159233703,1.0621451,3.151751756668091,0.014591653831303002,35.19425582885742,-4.399843692779541,discharge,1267
9,0.33896607222033504,1.0621451,3.15245246887207,0.014591653831303002,35.13015365600586,-4.399892807006836,discharge,1267
9,0.334051457006629,1.0621451,3.15315318107605,0.014591653831303002,35.126747131347656,-4.400053977966309,discharge,1267
9,0.329162855663492,1.0621451,3.153853893280029,0.014591653831303002,35.08650588989258,-4.400073528289795,discharge,1267
9,0.32434454969616605,1.0621451,3.154554605484009,0.014591653831303002,35.0363655090332,-4.399957180023193,discharge,1267
9,0.319541790803381,1.0621451,3.155255317687988,0.014591653831303002,35.01677322387695,-4.399815082550049,discharge,1267
9,0.313926173150032,1.0621451,3.155956029891967,0.014591653831303002,34.949119567871094,-4.4002461433410645,discharge,1267
9,0.30908162570948,1.0621451,3.156656742095947,0.014591653831303002,34.90056228637695,-4.400270938873291,discharge,1267
9,0.303652979805044,1.0621451,3.157357454299926,0.014591653831303002,34.9022216796875,-4.400234699249268,discharge,1267
9,0.298396271655651,1.0621451,3.158058166503906,0.014591653831303002,34.88214874267578,-4.400239944458008,discharge,1267
9,0.29332222649448303,1.0621451,3.158758640289306,0.014591653831303002,34.8167839050293,-4.400092124938965,discharge,1267
9,0.288145874867457,1.0621451,3.159459352493286,0.014591653831303002,34.7306022644043,-4.399784088134766,discharge,1267
9,0.28297261197127904,1.0621451,3.160160064697265,0.014591653831303002,34.67527770996094,-4.39990758895874,discharge,1267
9,0.27731448291009203,1.0621451,3.160860776901245,0.014591653831303002,34.62527084350586,-4.399888038635254,discharge,1267
9,0.272043287997547,1.0621451,3.161561489105224,0.014591653831303002,34.56096649169922,-4.399975776672363,discharge,1267
9,0.2663682349891,1.0621451,3.162262201309204,0.014591653831303002,34.51043701171875,-4.399899482727051,discharge,1267
9,0.260904352747594,1.0621451,3.162962913513183,0.014591653831303002,34.452144622802734,-4.39995527267456,discharge,1267
9,0.25551169754297004,1.0621451,3.163663625717163,0.014591653831303002,34.407161712646484,-4.399955749511719,discharge,1267
9,0.24994576213072503,1.0621451,3.164364337921142,0.014591653831303002,34.3604850769043,-4.399843692779541,discharge,1267
9,0.24439465865290902,1.0621451,3.165065050125122,0.014591653831303002,34.31084442138672,-4.3998517990112305,discharge,1267
9,0.23899243993378402,1.0621451,3.165765762329101,0.014591653831303002,34.27976608276367,-4.400104522705078,discharge,1267
9,0.233223432000584,1.0621451,3.166466474533081,0.014591653831303002,34.22303009033203,-4.400280475616455,discharge,1267
9,0.227996994612769,1.0621451,3.16716718673706,0.014591653831303002,34.149253845214844,-4.399986743927002,discharge,1267
9,0.22283797417591503,1.0621451,3.16786789894104,0.014591653831303002,34.13933563232422,-4.399970054626465,discharge,1267
9,0.21717827260941303,1.0621451,3.168568611145019,0.014591653831303002,34.046688079833984,-4.399965286254883,discharge,1267
9,0.211592120381071,1.0621451,3.169269323348999,0.014591653831303002,33.99303436279297,-4.400149822235107,discharge,1267
9,0.20597524420374902,1.0621451,3.169970035552978,0.014591653831303002,33.94495391845703,-4.400295734405518,discharge,1267
9,0.200403347420433,1.0621451,3.170670747756958,0.014591653831303002,33.91474151611328,-4.400154113769531,discharge,1267
9,0.19506156483463202,1.0621451,3.171371459960937,0.014591653831303002,33.88045120239258,-4.399832248687744,discharge,1267
9,0.189899031270915,1.0621451,3.172072172164917,0.014591653831303002,33.81732177734375,-4.399631023406982,discharge,1267
9,0.184717692785236,1.0621451,3.172772884368896,0.014591653831303002,33.75419616699219,-4.399727821350098,discharge,1267
9,0.17965497521894802,1.0621451,3.173473358154297,0.014591653831303002,33.73198318481445,-4.399569034576416,discharge,1267
9,0.174347018759568,1.0621451,3.174174070358276,0.014591653831303002,33.645084381103516,-4.399827003479004,discharge,1267
9,0.169130508550551,1.0621451,3.174874782562256,0.014591653831303002,33.57769012451172,-4.399940013885498,discharge,1267
9,0.16413042446440101,1.0621451,3.175575494766235,0.014591653831303002,33.52340316772461,-4.399862766265869,discharge,1267
9,0.159274477826249,1.0621451,3.176276206970215,0.014591653831303002,33.473388671875,-4.399791717529297,discharge,1267
9,0.154432145101913,1.0621451,3.176976919174194,0.014591653831303002,33.42766571044922,-4.399967193603516,discharge,1267
9,0.14970254196620902,1.0621451,3.177677631378174,0.014591653831303002,33.38737487792969,-4.399933338165283,discharge,1267
9,0.14516394284279302,1.0621451,3.178378343582153,0.014591653831303002,33.32352828979492,-4.400301456451416,discharge,1267
9,0.140757768628952,1.0621451,3.179079055786133,0.014591653831303002,33.26270294189453,-4.400523662567139,discharge,1267
9,0.136463305929715,1.0621451,3.179779767990112,0.014591653831303002,33.222686767578125,-4.400222301483154,discharge,1267
9,0.132032231781638,1.0621451,3.180480480194092,0.014591653831303002,33.21950149536133,-4.400084495544434,discharge,1267
9,0.127923125332433,1.0621451,3.181181192398071,0.014591653831303002,33.20606994628906,-4.400154113769531,discharge,1267
9,0.124081830205886,1.0621451,3.181881904602051,0.014591653831303002,33.18217468261719,-4.400381088256836,discharge,1267
9,0.120225829161389,1.0621451,3.18258261680603,0.014591653831303002,33.13080596923828,-4.39998722076416,discharge,1267
9,0.116409279156718,1.0621451,3.183283329010009,0.014591653831303002,33.07607650756836,-4.399904727935791,discharge,1267
9,0.11265980317581101,1.0621451,3.183984041213989,0.014591653831303002,33.01778793334961,-4.400388717651367,discharge,1267
9,0.10911033867573701,1.0621451,3.184684753417968,0.014591653831303002,32.96942901611328,-4.400406837463379,discharge,1267
9,0.105631286821821,1.0621451,3.1853854656219482,0.014591653831303002,32.924564361572266,-4.400260925292969,discharge,1267
9,0.10249873654536701,1.0621451,3.186086177825927,0.014591653831303002,32.92571258544922,-4.400245666503906,discharge,1267
9,0.09938011852840001,1.0621451,3.1867868900299072,0.014591653831303002,32.92802047729492,-4.400232791900635,discharge,1267
9,0.09641903817033701,1.0621451,3.187487602233886,0.014591653831303002,32.90434265136719,-4.400081157684326,discharge,1267
9,0.093457957812275,1.0621451,3.188188076019287,0.014591653831303002,32.88066482543945,-4.399929523468018,discharge,1267
9,0.090746190701883,1.0621451,3.188888788223266,0.014591653831303002,32.836387634277344,-4.399752140045166,discharge,1267
9,0.08804911327646,1.0621451,3.189589500427246,0.014591653831303002,32.790897369384766,-4.39957332611084,discharge,1267
9,0.085541482621403,1.0621451,3.190290212631225,0.014591653831303002,32.75886917114258,-4.39971399307251,discharge,1267
9,0.08313002955843701,1.0621451,3.190990924835205,0.014591653831303002,32.73367691040039,-4.400016784667969,discharge,1267
9,0.080755214174687,1.0621451,3.191691637039184,0.014591653831303002,32.71025848388672,-4.400280952453613,discharge,1267
9,0.07866496332835701,1.0621451,3.192392349243164,0.014591653831303002,32.70061111450195,-4.400243759155273,discharge,1267
9,0.076574712482026,1.0621451,3.193093061447143,0.014591653831303002,32.69096755981445,-4.400206565856934,discharge,1267
9,0.074538451391914,1.0621451,3.193793773651123,0.014591653831303002,32.6795654296875,-4.400158405303955,discharge,1267
9,0.07271801431010401,1.0621451,3.194494485855102,0.014591653831303002,32.6611442565918,-4.400065898895264,discharge,1267
9,0.07089757722829401,1.0621451,3.195195198059082,0.014591653831303002,32.64271926879883,-4.399973392486572,discharge,1267
9,0.069077140146484,1.0621451,3.195895910263061,0.014591653831303002,32.62429428100586,-4.399880886077881,discharge,1267
9,0.067510784842366,1.0621451,3.196596622467041,0.014591653831303002,32.614933013916016,-4.399895668029785,discharge,1267
9,0.06599690250170201,1.0621451,3.19729733467102,0.014591653831303002,32.607444763183594,-4.399931907653809,discharge,1267
9,0.064483020161039,1.0621451,3.197998046875,0.014591653831303002,32.59995651245117,-4.39996862411499,discharge,1267
9,0.06296913782037601,1.0621451,3.198698759078979,0.014591653831303002,32.59246826171875,-4.400005340576172,discharge,1267
9,0.06167911390601401,1.0621451,3.199399471282959,0.014591653831303002,32.57863235473633,-4.399993896484375,discharge,1267
9,0.060452817151719004,1.0621451,3.200100183486938,0.014591653831303002,32.56299591064453,-4.399968147277832,discharge,1267
9,0.059226520397424,1.0621451,3.200800895690918,0.014591653831303002,32.54735565185547,-4.399942874908447,discharge,1267
9,0.058000223643128006,1.0621451,3.201501607894897,0.014591653831303002,32.531715393066406,-4.3999176025390625,discharge,1267
9,0.056773926888833,1.0621451,3.202202320098877,0.014591653831303002,32.516075134277344,-4.399892330169678,discharge,1267
9,0.05573723069836101,1.0621451,3.202902793884277,0.014591653831303002,32.51445007324219,-4.399876594543457,discharge,1267
9,0.05475986740364901,1.0621451,3.203603506088257,0.014591653831303002,32.517208099365234,-4.399864673614502,discharge,1267
9,0.053782504108938006,1.0621451,3.204304218292236,0.014591653831303002,32.519962310791016,-4.399852275848389,discharge,1267
9,0.052805140814227006,1.0621451,3.205004930496216,0.014591653831303002,32.52272033691406,-4.399839878082275,discharge,1267
9,0.051827777519515006,1.0621451,3.205705642700195,0.014591653831303002,32.52547836303711,-4.39982795715332,discharge,1267
9,0.050850414224804005,1.0621451,3.206406354904175,0.014591653831303002,32.528236389160156,-4.399815559387207,discharge,1267
9,0.049990502409350004,1.0621451,3.207107067108154,0.014591653831303002,32.529930114746094,-4.399816989898682,discharge,1267
9,0.04924697719066701,1.0621451,3.207807779312134,0.014591653831303002,32.53057098388672,-4.399832725524902,discharge,1267
9,0.048503451971984,1.0621451,3.208508491516113,0.014591653831303002,32.53120803833008,-4.399848461151123,discharge,1267
9,0.047759926753301006,1.0621451,3.209209203720092,0.014591653831303002,32.5318489074707,-4.399863719940185,discharge,1267
9,0.047016401534618,1.0621451,3.209909915924072,0.014591653831303002,32.53248977661133,-4.399879455566406,discharge,1267
9,0.046272876315935005,1.0621451,3.210610628128051,0.014591653831303002,32.53312683105469,-4.399894714355469,discharge,1267
9,0.04552935109725301,1.0621451,3.2113113403320312,0.014591653831303002,32.53376770019531,-4.3999104499816895,discharge,1267
9,0.04478582587857,1.0621451,3.21201205253601,0.014591653831303002,32.53440475463867,-4.39992618560791,discharge,1267
9,0.044096580338495006,1.0621451,3.2127127647399902,0.014591653831303002,32.53377914428711,-4.399937629699707,discharge,1267
9,0.043543015607156,1.0621451,3.213413476943969,0.014591653831303002,32.52997970581055,-4.399940013885498,discharge,1267
9,0.042989450875818,1.0621451,3.214114189147949,0.014591653831303002,32.526180267333984,-4.399942398071289,discharge,1267
9,0.042435886144479004,1.0621451,3.214814901351928,0.014591653831303002,32.52238082885742,-4.399944305419922,discharge,1267
9,0.04188232141314,1.0621451,3.215515613555908,0.014591653831303002,32.51858139038086,-4.399946689605713,discharge,1267
9,0.041328756681802005,1.0621451,3.216216325759887,0.014591653831303002,32.5147819519043,-4.399948596954346,discharge,1267
9,0.040775191950463,1.0621451,3.216916799545288,0.014591653831303002,32.510982513427734,-4.399950981140137,discharge,1267
9,0.040221627219124007,1.0621451,3.217617511749267,0.014591653831303002,32.50718307495117,-4.399952888488769,discharge,1267
9,0.039668062487786,1.0621451,3.218318223953247,0.014591653831303002,32.503387451171875,-4.39995527267456,discharge,1267
9,0.039114497756447,1.0621451,3.219018936157226,0.014591653831303002,32.49958801269531,-4.399957656860352,discharge,1267
9,0.038560933025108005,1.0621451,3.219719648361206,0.014591653831303002,32.49578857421875,-4.399959564208984,discharge,1267
9,0.038035994301966004,1.0621451,3.220420360565185,0.014591653831303002,32.491424560546875,-4.399967193603516,discharge,1267
9,0.037638154315208006,1.0621451,3.221121072769165,0.014591653831303002,32.48455047607422,-4.399997711181641,discharge,1267
9,0.03724031432845,1.0621451,3.221821784973144,0.014591653831303002,32.47768020629883,-4.400027751922607,discharge,1267
9,0.036842474341692,1.0621451,3.222522497177124,0.014591653831303002,32.47080612182617,-4.400058269500732,discharge,1267
9,0.036444634354934,1.0621451,3.223223209381103,0.014591653831303002,32.463932037353516,-4.400088787078857,discharge,1267
9,0.036046794368176004,1.0621451,3.223923921585083,0.014591653831303002,32.457061767578125,-4.400119304656982,discharge,1267
9,0.035648954381418005,1.0621451,3.224624633789062,0.014591653831303002,32.45018768310547,-4.400149822235107,discharge,1267
9,0.035251114394660006,1.0621451,3.225325345993042,0.014591653831303002,32.44331741333008,-4.400180339813232,discharge,1267
9,0.034853274407902,1.0621451,3.226026058197021,0.014591653831303002,32.43644332885742,-4.400210380554199,discharge,1267
9,0.034455434421144,1.0621451,3.226726770401001,0.014591653831303002,32.429569244384766,-4.400240898132324,discharge,1267
9,0.034057594434386,1.0621451,3.22742748260498,0.014591653831303002,32.422698974609375,-4.400271415710449,discharge,1267
9,0.033659754447628004,1.0621451,3.22812819480896,0.014591653831303002,32.41582489013672,-4.400301933288574,discharge,1267
9,0.033261914460870005,1.0621451,3.228828907012939,0.014591653831303002,32.40895462036133,-4.400332450866699,discharge,1267
9,0.032864074474112,1.0621451,3.229529619216919,0.014591653831303002,32.40208053588867,-4.400362968444824,discharge,1267
9,0.032466234487354,1.0621451,3.230230331420898,0.014591653831303002,32.395206451416016,-4.400393009185791,discharge,1267
9,0.032147927931496005,1.0621451,3.230931043624878,0.014591653831303002,32.39558792114258,-4.4003705978393555,discharge,1267
9,0.031847136839892,1.0621451,3.231631517410278,0.014591653831303002,32.39756774902344,-4.400336742401123,discharge,1267
9,0.031546345748289004,1.0621451,3.232332229614258,0.014591653831303002,32.3995475769043,-4.400302410125732,discharge,1267
9,0.031245554656686002,1.0621451,3.233032941818237,0.014591653831303002,32.40152359008789,-4.4002685546875,discharge,1267
9,0.030944763565082002,1.0621451,3.233733654022217,0.014591653831303002,32.40350341796875,-4.400234222412109,discharge,1267
9,0.030643972473479,1.0621451,3.234434366226196,0.014591653831303002,32.405479431152344,-4.400200366973877,discharge,1267
9,0.030343181381876003,1.0621451,3.2351350784301762,0.014591653831303002,32.4074592590332,-4.400166034698486,discharge,1267
9,0.030042390290272003,1.0621451,3.235835790634155,0.014591653831303002,32.40943908691406,-4.400132179260254,discharge,1267
9,0.029741599198669002,1.0621451,3.236536502838134,0.014591653831303002,32.411415100097656,-4.400097846984863,discharge,1267
9,0.029440808107065,1.0621451,3.237237215042114,0.014591653831303002,32.413394927978516,-4.400063991546631,discharge,1267
9,0.029140017015462004,1.0621451,3.237937927246093,0.014591653831303002,32.41537094116211,-4.40002965927124,discharge,1267
9,0.028839225923859003,1.0621451,3.2386386394500732,0.014591653831303002,32.41735076904297,-4.399995803833008,discharge,1267
9,0.028538434832256,1.0621451,3.239339351654052,0.014591653831303002,32.41933059692383,-4.399961471557617,discharge,1267
9,0.028237643740652,1.0621451,3.2400400638580322,0.014591653831303002,32.42130661010742,-4.399927616119385,discharge,1267
9,0.027969255460868002,1.0621451,3.240740776062011,0.014591653831303002,32.42417526245117,-4.39991569519043,discharge,1267
9,0.027730068138375003,1.0621451,3.241441488265991,0.014591653831303002,32.4278450012207,-4.399923801422119,discharge,1267
9,0.027490880815881,1.0621451,3.24214220046997,0.014591653831303002,32.431514739990234,-4.399931907653809,discharge,1267
9,0.027251693493387002,1.0621451,3.24284291267395,0.014591653831303002,32.435184478759766,-4.399940013885498,discharge,1267
9,0.027012506170893003,1.0621451,3.243543624877929,0.014591653831303002,32.43885803222656,-4.399947643280029,discharge,1267
9,0.026773318848399,1.0621451,3.244244337081909,0.014591653831303002,32.442527770996094,-4.399955749511719,discharge,1267
9,0.026534131525906002,1.0621451,3.244945049285888,0.014591653831303002,32.446197509765625,-4.399963855743408,discharge,1267
9,0.026294944203412003,1.0621451,3.245645761489868,0.014591653831303002,32.449867248535156,-4.399971961975098,discharge,1267
9,0.026055756880918,1.0621451,3.246346235275268,0.014591653831303002,32.45353698730469,-4.399980068206787,discharge,1267
9,0.025816569558424003,1.0621451,3.247046947479248,0.014591653831303002,32.45720672607422,-4.399988174438477,discharge,1267
9,0.02557738223593,1.0621451,3.247747659683227,0.014591653831303002,32.46087646484375,-4.399996280670166,discharge,1267
9,0.025338194913436002,1.0621451,3.248448371887207,0.014591653831303002,32.46455001831055,-4.4000043869018555,discharge,1267
9,0.025099007590943002,1.0621451,3.249149084091186,0.014591653831303002,32.46821975708008,-4.400012016296387,discharge,1267
9,0.024859820268449,1.0621451,3.249849796295166,0.014591653831303002,32.47188949584961,-4.400020122528076,discharge,1267
9,0.024631061758933002,1.0621451,3.250550508499145,0.014591653831303002,32.47395706176758,-4.400024890899658,discharge,1267
9,0.024433339206080002,1.0621451,3.251251220703125,0.014591653831303002,32.47126388549805,-4.400018692016602,discharge,1267
9,0.024235616653226003,1.0621451,3.251951932907104,0.014591653831303002,32.468570709228516,-4.400012969970703,discharge,1267
9,0.024037894100373002,1.0621451,3.252652645111084,0.014591653831303002,32.465877532958984,-4.4000067710876465,discharge,1267
9,0.023840171547520002,1.0621451,3.253353357315063,0.014591653831303002,32.46318435668945,-4.40000057220459,discharge,1267
9,0.023642448994667,1.0621451,3.254054069519043,0.014591653831303002,32.46049118041992,-4.399994850158691,discharge,1267
9,0.023444726441813002,1.0621451,3.254754781723022,0.014591653831303002,32.457794189453125,-4.399988651275635,discharge,1267
9,0.02324700388896,1.0621451,3.255455493927002,0.014591653831303002,32.455101013183594,-4.399982929229736,discharge,1267
9,0.023049281336107,1.0621451,3.256156206130981,0.014591653831303002,32.45240783691406,-4.39997673034668,discharge,1267
9,0.022851558783254,1.0621451,3.256856918334961,0.014591653831303002,32.44971466064453,-4.399971008300781,discharge,1267
9,0.0226538362304,1.0621451,3.25755763053894,0.014591653831303002,32.447021484375,-4.399964809417725,discharge,1267
9,0.022456113677547,1.0621451,3.25825834274292,0.014591653831303002,32.4443244934082,-4.399958610534668,discharge,1267
9,0.022258391124694,1.0621451,3.258959054946899,0.014591653831303002,32.44163131713867,-4.399952888488769,discharge,1267
9,0.022060668571841,1.0621451,3.259659767150879,0.014591653831303002,32.43893814086914,-4.399946689605713,discharge,1267
9,0.021862946018987,1.0621451,3.260360479354858,0.014591653831303002,32.43624496459961,-4.3999409675598145,discharge,1267
9,0.021691888245495002,1.0621451,3.261060953140259,0.014591653831303002,32.433929443359375,-4.399941921234131,discharge,1267
9,0.021522159200565,1.0621451,3.261761665344238,0.014591653831303002,32.431636810302734,-4.399942874908447,discharge,1267
9,0.021352430155635,1.0621451,3.262462377548217,0.014591653831303002,32.42934036254883,-4.399944305419922,discharge,1267
9,0.021182701110705002,1.0621451,3.2631630897521973,0.014591653831303002,32.42704772949219,-4.3999457359313965,discharge,1267
9,0.021012972065775,1.0621451,3.263863801956176,0.014591653831303002,32.42475128173828,-4.399946689605713,discharge,1267
9,0.020843243020845,1.0621451,3.2645645141601562,0.014591653831303002,32.42245864868164,-4.3999481201171875,discharge,1267
9,0.020673513975915003,1.0621451,3.265265226364135,0.014591653831303002,32.420162200927734,-4.399949550628662,discharge,1267
9,0.020503784930985,1.0621451,3.2659659385681152,0.014591653831303002,32.41786575317383,-4.399950981140137,discharge,1267
9,0.020334055886055,1.0621451,3.266666650772094,0.014591653831303002,32.41557312011719,-4.399951934814453,discharge,1267
9,0.020164326841125003,1.0621451,3.267367362976074,0.014591653831303002,32.41327667236328,-4.399953365325928,discharge,1267
9,0.019994597796195,1.0621451,3.268068075180053,0.014591653831303002,32.41098403930664,-4.399954795837402,discharge,1267
9,0.019824868751265,1.0621451,3.268768787384033,0.014591653831303002,32.408687591552734,-4.399955749511719,discharge,1267
9,0.019655139706335003,1.0621451,3.269469499588012,0.014591653831303002,32.406394958496094,-4.399957180023193,discharge,1267
9,0.019485410661405002,1.0621451,3.270170211791992,0.014591653831303002,32.40409851074219,-4.399958610534668,discharge,1267
9,0.019328629358789002,1.0621451,3.270870923995971,0.014591653831303002,32.40568161010742,-4.399967670440674,discharge,1267
9,0.019182612509231003,1.0621451,3.271571636199951,0.014591653831303002,32.41048812866211,-4.399983406066894,discharge,1267
9,0.019036595659673,1.0621451,3.2722723484039298,0.014591653831303002,32.4152946472168,-4.399999141693115,discharge,1267
9,0.018890578810116,1.0621451,3.27297306060791,0.014591653831303002,32.420101165771484,-4.400014877319336,discharge,1267
9,0.018744561960558,1.0621451,3.273673772811889,0.014591653831303002,32.42490768432617,-4.400030612945557,discharge,1267
9,0.018598545111000002,1.0621451,3.274374485015869,0.014591653831303002,32.42971420288086,-4.400046348571777,discharge,1267
9,0.018452528261442003,1.0621451,3.275074958801269,0.014591653831303002,32.43452453613281,-4.400062084197998,discharge,1267
9,0.018306511411884,1.0621451,3.275775671005249,0.014591653831303002,32.4393310546875,-4.400077819824219,discharge,1267
9,0.018160494562326,1.0621451,3.276476383209228,0.014591653831303002,32.44413757324219,-4.4000935554504395,discharge,1267
9,0.018014477712769,1.0621451,3.277177095413208,0.014591653831303002,32.448944091796875,-4.40010929107666,discharge,1267
9,0.017868460863211002,1.0621451,3.277877807617187,0.014591653831303002,32.45375061035156,-4.400125026702881,discharge,1267
9,0.017722444013653003,1.0621451,3.278578519821167,0.014591653831303002,32.45855712890625,-4.400140762329102,discharge,1267
9,0.017576427164095,1.0621451,3.279279232025146,0.014591653831303002,32.46336364746094,-4.400156497955322,discharge,1267
9,0.017430410314537,1.0621451,3.279979944229126,0.014591653831303002,32.468170166015625,-4.400172233581543,discharge,1267
9,0.017288875375982,1.0621451,3.280680656433105,0.014591653831303002,32.4713249206543,-4.400182247161865,discharge,1267
9,0.017160418972109,1.0621451,3.281381368637085,0.014591653831303002,32.469661712646484,-4.400174140930176,discharge,1267
9,0.017031962568237,1.0621451,3.282082080841064,0.014591653831303002,32.467994689941406,-4.400166034698486,discharge,1267
9,0.016903506164365003,1.0621451,3.282782793045044,0.014591653831303002,32.466331481933594,-4.400158405303955,discharge,1267
9,0.016775049760492003,1.0621451,3.283483505249023,0.014591653831303002,32.46466827392578,-4.400150299072266,discharge,1267
9,0.016646593356620002,1.0621451,3.284184217453003,0.014591653831303002,32.4630012512207,-4.400142192840576,discharge,1267
9,0.016518136952748,1.0621451,3.284884929656982,0.014591653831303002,32.46133804321289,-4.400134563446045,discharge,1267
9,0.016389680548875,1.0621451,3.285585641860962,0.014591653831303002,32.45967483520508,-4.4001264572143555,discharge,1267
9,0.016261224145003,1.0621451,3.286286354064941,0.014591653831303002,32.4580078125,-4.400118350982666,discharge,1267
9,0.016132767741131,1.0621451,3.286987066268921,0.014591653831303002,32.45634460449219,-4.400110721588135,discharge,1267
9,0.016004311337258,1.0621451,3.2876877784729,0.014591653831303002,32.45467758178711,-4.400102615356445,discharge,1267
9,0.015875854933386002,1.0621451,3.28838849067688,0.014591653831303002,32.4530143737793,-4.400094509124756,discharge,1267
9,0.015747398529513002,1.0621451,3.289089202880859,0.014591653831303002,32.451351165771484,-4.400086879730225,discharge,1267
9,0.015618942125641001,1.0621451,3.289789676666259,0.014591653831303002,32.449684143066406,-4.400078773498535,discharge,1267
9,0.015490485721769,1.0621451,3.2904903888702393,0.014591653831303002,32.448020935058594,-4.400070667266846,discharge,1267
9,0.015372871249992,1.0621451,3.291191101074218,0.014591653831303002,32.4465217590332,-4.400079250335693,discharge,1267
9,0.015256258503623001,1.0621451,3.2918918132781982,0.014591653831303002,32.44504165649414,-4.400089263916016,discharge,1267
9,0.015139645757254001,1.0621451,3.292592525482177,0.014591653831303002,32.44355773925781,-4.400099277496338,discharge,1267
9,0.015023033010885001,1.0621451,3.2932932376861572,0.014591653831303002,32.442073822021484,-4.40010929107666,discharge,1267
9,0.014906420264516001,1.0621451,3.293993949890136,0.014591653831303002,32.44059371948242,-4.400119304656982,discharge,1267
9,0.014789807518147001,1.0621451,3.294694662094116,0.014591653831303002,32.439109802246094,-4.400129795074463,discharge,1267
9,0.014673194771778001,1.0621451,3.295395374298095,0.014591653831303002,32.437625885009766,-4.400139808654785,discharge,1267
9,0.014556582025409001,1.0621451,3.296096086502075,0.014591653831303002,32.4361457824707,-4.400149822235107,discharge,1267
9,0.014439969279040002,1.0621451,3.296796798706054,0.014591653831303002,32.434661865234375,-4.40015983581543,discharge,1267
9,0.014323356532671002,1.0621451,3.297497510910034,0.014591653831303002,32.43318176269531,-4.400169849395752,discharge,1267
9,0.014206743786302002,1.0621451,3.298198223114013,0.014591653831303002,32.431697845458984,-4.400179862976074,discharge,1267
9,0.014090131039933002,1.0621451,3.298898935317993,0.014591653831303002,32.430213928222656,-4.4001898765563965,discharge,1267
9,0.013973518293564,1.0621451,3.299599647521972,0.014591653831303002,32.428733825683594,-4.400199890136719,discharge,1267
9,0.013856905547195,1.0621451,3.300300359725952,0.014591653831303002,32.427249908447266,-4.400209903717041,discharge,1267
9,0.013746822826698,1.0621451,3.301001071929931,0.014591653831303002,32.4270133972168,-4.400213241577148,discharge,1267
9,0.013645493502107002,1.0621451,3.301701784133911,0.014591653831303002,32.428443908691406,-4.400207996368408,discharge,1267
9,0.013544164177516001,1.0621451,3.30240249633789,0.014591653831303002,32.429874420166016,-4.400202751159668,discharge,1267
9,0.013442834852925,1.0621451,3.30310320854187,0.014591653831303002,32.431304931640625,-4.400197029113769,discharge,1267
9,0.013341505528334002,1.0621451,3.303803920745849,0.014591653831303002,32.432735443115234,-4.400191783905029,discharge,1267
9,0.013240176203743001,1.0621451,3.30450439453125,0.014591653831303002,32.434165954589844,-4.400186538696289,discharge,1267
9,0.013138846879153001,1.0621451,3.305205106735229,0.014591653831303002,32.43559646606445,-4.400181293487549,discharge,1267
9,0.013037517554562,1.0621451,3.305905818939209,0.014591653831303002,32.43702697753906,-4.40017557144165,discharge,1267
9,0.012936188229971002,1.0621451,3.306606531143188,0.014591653831303002,32.43845748901367,-4.40017032623291,discharge,1267
9,0.012834858905380001,1.0621451,3.307307243347168,0.014591653831303002,32.43988800048828,-4.40016508102417,discharge,1267
9,0.012733529580789,1.0621451,3.308007955551147,0.014591653831303002,32.44131851196289,-4.40015983581543,discharge,1267
9,0.012632200256198002,1.0621451,3.308708667755127,0.014591653831303002,32.4427490234375,-4.400154113769531,discharge,1267
9,0.012530870931607001,1.0621451,3.309409379959106,0.014591653831303002,32.44417953491211,-4.400148868560791,discharge,1267
9,0.012429541607016,1.0621451,3.310110092163086,0.014591653831303002,32.44561004638672,-4.400143623352051,discharge,1267
9,0.012329132442538,1.0621451,3.310810804367065,0.014591653831303002,32.447021484375,-4.400137424468994,discharge,1267
9,0.012234614508582,1.0621451,3.311511516571045,0.014591653831303002,32.44831085205078,-4.4001264572143555,discharge,1267
9,0.012140096574626,1.0621451,3.312212228775024,0.014591653831303002,32.44960021972656,-4.400115489959717,discharge,1267
9,0.012045578640670001,1.0621451,3.312912940979004,0.014591653831303002,32.450889587402344,-4.400104522705078,discharge,1267
9,0.011951060706715,1.0621451,3.313613653182983,0.014591653831303002,32.452178955078125,-4.4000935554504395,discharge,1267
9,0.011856542772759,1.0621451,3.314314365386963,0.014591653831303002,32.453468322753906,-4.400082111358643,discharge,1267
9,0.011762024838803,1.0621451,3.315015077590942,0.014591653831303002,32.45475387573242,-4.400071144104004,discharge,1267
9,0.011667506904847,1.0621451,3.315715789794922,0.014591653831303002,32.4560432434082,-4.400060176849365,discharge,1267
9,0.011572988970891,1.0621451,3.316416501998901,0.014591653831303002,32.457332611083984,-4.400049209594727,discharge,1267
9,0.011478471036936002,1.0621451,3.317117214202881,0.014591653831303002,32.458621978759766,-4.400038242340088,discharge,1267
9,0.011383953102980002,1.0621451,3.31781792640686,0.014591653831303002,32.45991134643555,-4.400027275085449,discharge,1267
9,0.011289435169024,1.0621451,3.31851840019226,0.014591653831303002,32.46120071411133,-4.40001630783081,discharge,1267
9,0.011194917235068,1.0621451,3.3192191123962402,0.014591653831303002,32.46249008178711,-4.400005340576172,discharge,1267
9,0.011100399301112,1.0621451,3.319919824600219,0.014591653831303002,32.46377944946289,-4.399994373321533,discharge,1267
9,0.011005881367156,1.0621451,3.320620536804199,0.014591653831303002,32.46506881713867,-4.399983406066894,discharge,1267
9,0.010916192755249,1.0621451,3.321321249008178,0.014591653831303002,32.4662971496582,-4.399982452392578,discharge,1267
9,0.010831495005377001,1.0621451,3.322021961212158,0.014591653831303002,32.46746063232422,-4.3999924659729,discharge,1267
9,0.010746797255504,1.0621451,3.322722673416137,0.014591653831303002,32.4686279296875,-4.400002479553223,discharge,1267
9,0.010662099505632001,1.0621451,3.323423385620117,0.014591653831303002,32.469791412353516,-4.400012016296387,discharge,1267
9,0.010577401755760002,1.0621451,3.324124097824096,0.014591653831303002,32.4709587097168,-4.400022029876709,discharge,1267
9,0.010492704005887001,1.0621451,3.324824810028076,0.014591653831303002,32.47212219238281,-4.400032043457031,discharge,1267
9,0.010408006256015,1.0621451,3.3255255222320548,0.014591653831303002,32.473289489746094,-4.400042057037353,discharge,1267
9,0.010323308506142001,1.0621451,3.326226234436035,0.014591653831303002,32.47445297241211,-4.400051593780518,discharge,1267
9,0.01023861075627,1.0621451,3.326926946640014,0.014591653831303002,32.47562026977539,-4.40006160736084,discharge,1267
9,0.010153913006397002,1.0621451,3.327627658843994,0.014591653831303002,32.476783752441406,-4.400071620941162,discharge,1267
9,0.010069215256525,1.0621451,3.328328371047973,0.014591653831303002,32.47795104980469,-4.400081634521484,discharge,1267
9,0.009984517506653,1.0621451,3.329029083251953,0.014591653831303002,32.47911834716797,-4.400091171264648,discharge,1267
9,0.00989981975678,1.0621451,3.329729795455932,0.014591653831303002,32.480281829833984,-4.400101184844971,discharge,1267
9,0.009815122006908001,1.0621451,3.330430507659912,0.014591653831303002,32.481449127197266,-4.400111198425293,discharge,1267
9,0.009730424257035,1.0621451,3.331131219863891,0.014591653831303002,32.48261260986328,-4.400121212005615,discharge,1267
9,0.009650351677803001,1.0621451,3.331831932067871,0.014591653831303002,32.48232650756836,-4.40010929107666,discharge,1267
9,0.009571194059365,1.0621451,3.33253264427185,0.014591653831303002,32.481754302978516,-4.400093078613281,discharge,1267
9,0.009492036440927,1.0621451,3.333233118057251,0.014591653831303002,32.481178283691406,-4.400076866149902,discharge,1267
9,0.009412878822489,1.0621451,3.33393383026123,0.014591653831303002,32.48060607910156,-4.400060653686523,discharge,1267
9,0.009333721204051001,1.0621451,3.33463454246521,0.014591653831303002,32.48003005981445,-4.400044441223144,discharge,1267
9,0.009254563585613001,1.0621451,3.335335254669189,0.014591653831303002,32.479454040527344,-4.400028228759766,discharge,1267
9,0.009175405967175001,1.0621451,3.336035966873169,0.014591653831303002,32.4788818359375,-4.400012016296387,discharge,1267
9,0.009096248348737,1.0621451,3.336736679077148,0.014591653831303002,32.47830581665039,-4.399995803833008,discharge,1267
9,0.009017090730299,1.0621451,3.337437391281128,0.014591653831303002,32.47773361206055,-4.399979591369629,discharge,1267
9,0.008937933111861,1.0621451,3.338138103485107,0.014591653831303002,32.47715759277344,-4.399963855743408,discharge,1267
9,0.008858775493423001,1.0621451,3.338838815689087,0.014591653831303002,32.476585388183594,-4.399947643280029,discharge,1267
9,0.008779617874984,1.0621451,3.339539527893066,0.014591653831303002,32.476009368896484,-4.39993143081665,discharge,1267
9,0.008700460256546,1.0621451,3.340240240097046,0.014591653831303002,32.47543716430664,-4.3999152183532715,discharge,1267
9,0.008621302638108001,1.0621451,3.340940952301025,0.014591653831303002,32.47486114501953,-4.399899005889893,discharge,1267
9,0.008545111432572,1.0621451,3.341641664505005,0.014591653831303002,32.47430419921875,-4.39988899230957,discharge,1267
9,0.008475160812347001,1.0621451,3.342342376708984,0.014591653831303002,32.473785400390625,-4.399890899658203,discharge,1267
9,0.008405210192122,1.0621451,3.343043088912964,0.014591653831303002,32.473262786865234,-4.399893283843994,discharge,1267
9,0.008335259571897001,1.0621451,3.343743801116943,0.014591653831303002,32.47274398803711,-4.399895668029785,discharge,1267
9,0.008265308951672,1.0621451,3.344444513320923,0.014591653831303002,32.47222137451172,-4.399897575378418,discharge,1267
9,0.008195358331447,1.0621451,3.345145225524902,0.014591653831303002,32.471702575683594,-4.399899959564209,discharge,1267
9,0.008125407711222,1.0621451,3.345845937728882,0.014591653831303002,32.4711799621582,-4.39990234375,discharge,1267
9,0.008055457090997,1.0621451,3.346546649932861,0.014591653831303002,32.47066116333008,-4.399904251098633,discharge,1267
9,0.007985506470772001,1.0621451,3.347247362136841,0.014591653831303002,32.47013854980469,-4.399906635284424,discharge,1267
9,0.007915555850547,1.0621451,3.347947835922241,0.014591653831303002,32.46961975097656,-4.399909019470215,discharge,1267
9,0.007845605230322001,1.0621451,3.34864854812622,0.014591653831303002,32.46909713745117,-4.399910926818848,discharge,1267
9,0.007775654610097001,1.0621451,3.3493492603302,0.014591653831303002,32.46857833862305,-4.399913311004639,discharge,1267
9,0.007705703989872001,1.0621451,3.350049972534179,0.014591653831303002,32.468055725097656,-4.39991569519043,discharge,1267
9,0.007635753369647001,1.0621451,3.350750684738159,0.014591653831303002,32.46753692626953,-4.3999176025390625,discharge,1267
9,0.007565802749422001,1.0621451,3.351451396942138,0.014591653831303002,32.467018127441406,-4.399919986724853,discharge,1267
9,0.007500938120389,1.0621451,3.352152109146118,0.014591653831303002,32.46652603149414,-4.399911403656006,discharge,1267
9,0.007439722688397,1.0621451,3.352852821350097,0.014591653831303002,32.4660530090332,-4.399895191192627,discharge,1267
9,0.007378507256404001,1.0621451,3.353553533554077,0.014591653831303002,32.465579986572266,-4.399878978729248,discharge,1267
9,0.0073172918244110005,1.0621451,3.354254245758056,0.014591653831303002,32.465110778808594,-4.399862766265869,discharge,1267
9,0.007256076392419,1.0621451,3.354954957962036,0.014591653831303002,32.464637756347656,-4.39984655380249,discharge,1267
9,0.007194860960426001,1.0621451,3.355655670166015,0.014591653831303002,32.46416473388672,-4.399830341339111,discharge,1267
9,0.007133645528434001,1.0621451,3.356356382369995,0.014591653831303002,32.46369552612305,-4.399814128875732,discharge,1267
9,0.007072430096441,1.0621451,3.357057094573974,0.014591653831303002,32.46322250366211,-4.399797916412353,discharge,1267
9,0.007011214664449,1.0621451,3.357757806777954,0.014591653831303002,32.46275329589844,-4.399781703948975,discharge,1267
9,0.006949999232456001,1.0621451,3.358458518981933,0.014591653831303002,32.4622802734375,-4.399765491485596,discharge,1267
9,0.0068887838004640005,1.0621451,3.359159231185913,0.014591653831303002,32.46180725097656,-4.399749279022217,discharge,1267
9,0.006827568368471,1.0621451,3.359859943389892,0.014591653831303002,32.46133804321289,-4.399733543395996,discharge,1267
9,0.006766352936478001,1.0621451,3.360560655593872,0.014591653831303002,32.46086502075195,-4.399717330932617,discharge,1267
9,0.006705137504486001,1.0621451,3.361261367797851,0.014591653831303002,32.46039581298828,-4.399701118469238,discharge,1267
9,0.006643922072493,1.0621451,3.361962080001831,0.014591653831303002,32.459922790527344,-4.399684906005859,discharge,1267
9,0.0065440929902500005,1.0621451,3.362662553787231,0.014591653831303002,32.45948791503906,-4.399746417999268,discharge,1267
9,0.006434942718678001,1.0621451,3.363363265991211,0.014591653831303002,32.45906066894531,-4.399827480316162,discharge,1267
9,0.006325792447107,1.0621451,3.36406397819519,0.014591653831303002,32.45863342285156,-4.399908065795898,discharge,1267
9,0.006216642175536,1.0621451,3.36476469039917,0.014591653831303002,32.45820999145508,-4.399988651275635,discharge,1267
9,0.0061074919039640005,1.0621451,3.365465402603149,0.014591653831303002,32.45778274536133,-4.400069236755371,discharge,1267
9,0.005998341632393001,1.0621451,3.366166114807129,0.014591653831303002,32.45735549926758,-4.400149822235107,discharge,1267
9,0.005889191360821,1.0621451,3.366866827011108,0.014591653831303002,32.45692825317383,-4.400230884552002,discharge,1267
9,0.00578004108925,1.0621451,3.367567539215088,0.014591653831303002,32.456504821777344,-4.400311470031738,discharge,1267
9,0.0056708908176780004,1.0621451,3.368268251419067,0.014591653831303002,32.456077575683594,-4.400392055511475,discharge,1267
9,0.005561740546107001,1.0621451,3.368968963623047,0.014591653831303002,32.455650329589844,-4.400472640991211,discharge,1267
9,0.005452590274536,1.0621451,3.369669675827026,0.014591653831303002,32.455223083496094,-4.4005537033081055,discharge,1267
9,0.005343440002964,1.0621451,3.370370388031006,0.014591653831303002,32.45479965209961,-4.400634288787842,discharge,1267
9,0.0052342897313930005,1.0621451,3.371071100234985,0.014591653831303002,32.45437240600586,-4.400714874267578,discharge,1267
9,0.005125139459821001,1.0621451,3.371771812438965,0.014591653831303002,32.45394515991211,-4.4007954597473145,discharge,1267
9,0.0050215148,1.0621451,3.372472524642944,0.014591653831303002,32.453548431396484,-4.400871276855469,discharge,1267
9,0.0050215148,1.0621451,3.373173236846924,0.014591653831303002,32.45366287231445,-4.40084981918335,discharge,1267
9,0.0050215148,1.0621451,3.373873949050903,0.014591653831303002,32.45377731323242,-4.400828838348389,discharge,1267
9,0.0050215148,1.0621451,3.374574661254883,0.014591653831303002,32.45389175415039,-4.400807380676269,discharge,1267
9,0.0050215148,1.0621451,3.375275373458862,0.014591653831303002,32.45400619506836,-4.40078592300415,discharge,1267
9,0.005021514800000001,1.0621451,3.375976085662842,0.014591653831303002,32.45412063598633,-4.4007649421691895,discharge,1267
9,0.0050215148,1.0621451,3.376676559448242,0.014591653831303002,32.4542350769043,-4.40074348449707,discharge,1267
9,0.005021514800000001,1.0621451,3.377377271652221,0.014591653831303002,32.454349517822266,-4.400722503662109,discharge,1267
9,0.0050215148,1.0621451,3.378077983856201,0.014591653831303002,32.454463958740234,-4.40070104598999,discharge,1267
9,0.0050215148,1.0621451,3.37877869606018,0.014591653831303002,32.4545783996582,-4.400680065155029,discharge,1267
9,0.0050215148,1.0621451,3.37947940826416,0.014591653831303002,32.45469284057617,-4.40065860748291,discharge,1267
9,0.0050215148,1.0621451,3.380180120468139,0.014591653831303002,32.45480728149414,-4.400637149810791,discharge,1267
9,0.0050215148,1.0621451,3.380880832672119,0.014591653831303002,32.45492172241211,-4.40061616897583,discharge,1267
9,0.005021514800000001,1.0621451,3.381581544876098,0.014591653831303002,32.45503616333008,-4.400594711303711,discharge,1267
9,0.0050215148,1.0621451,3.382282257080078,0.014591653831303002,32.45515060424805,-4.40057373046875,discharge,1267
9,0.00496171354807,1.0621451,3.382982969284057,0.014591653831303002,32.455257415771484,-4.400560855865478,discharge,1267
9,0.004869263425942,1.0621451,3.383683681488037,0.014591653831303002,32.455360412597656,-4.400552272796631,discharge,1267
9,0.004776813303813,1.0621451,3.384384393692016,0.014591653831303002,32.45546340942383,-4.400543689727783,discharge,1267
9,0.004684363181685001,1.0621451,3.385085105895996,0.014591653831303002,32.45556640625,-4.400535106658935,discharge,1267
9,0.004591913059557,1.0621451,3.385785818099975,0.014591653831303002,32.45566940307617,-4.400527000427246,discharge,1267
9,0.004499462937428001,1.0621451,3.386486530303955,0.014591653831303002,32.455772399902344,-4.400518417358398,discharge,1267
9,0.0044070128153,1.0621451,3.387187242507934,0.014591653831303002,32.455875396728516,-4.400509834289551,discharge,1267
9,0.004314562693172,1.0621451,3.387887954711914,0.014591653831303002,32.45597839355469,-4.400501251220703,discharge,1267
9,0.004222112571043,1.0621451,3.388588666915893,0.014591653831303002,32.45608139038086,-4.400493144989014,discharge,1267
9,0.004129662448915001,1.0621451,3.389289379119873,0.014591653831303002,32.45618438720703,-4.400484561920166,discharge,1267
9,0.004037212326787,1.0621451,3.389990091323852,0.014591653831303002,32.4562873840332,-4.400475978851318,discharge,1267
9,0.003944762204658001,1.0621451,3.390690803527832,0.014591653831303002,32.456390380859375,-4.400467872619629,discharge,1267
9,0.0038523120825300003,1.0621451,3.391391277313232,0.014591653831303002,32.45649337768555,-4.400459289550781,discharge,1267
9,0.0037598619604020003,1.0621451,3.392091989517212,0.014591653831303002,32.45659637451172,-4.400450706481934,discharge,1267
9,0.0036674118382730003,1.0621451,3.392792701721191,0.014591653831303002,32.45669937133789,-4.400442123413086,discharge,1267
9,0.0036598112999990003,1.0621451,3.393493413925171,0.014591653831303002,32.45679473876953,-4.400450706481934,discharge,1267
9,0.0036598112999990003,1.0621451,3.39419412612915,0.014591653831303002,32.456886291503906,-4.400460720062256,discharge,1267
9,0.0036598112999990003,1.0621451,3.39489483833313,0.014591653831303002,32.45698165893555,-4.400470733642578,discharge,1267
9,0.0036598113000000003,1.0621451,3.395595550537109,0.014591653831303002,32.45707321166992,-4.4004807472229,discharge,1267
9,0.0036598113000000003,1.0621451,3.396296262741089,0.014591653831303002,32.4571647644043,-4.4004902839660645,discharge,1267
9,0.0036598112999990003,1.0621451,3.396996974945068,0.014591653831303002,32.45725631713867,-4.400500297546387,discharge,1267
9,0.0036598112999990003,1.0621451,3.397697687149048,0.014591653831303002,32.45735168457031,-4.400510311126709,discharge,1267
9,0.0036598113000000003,1.0621451,3.398398399353027,0.014591653831303002,32.45744323730469,-4.400520324707031,discharge,1267
9,0.0036598112999990003,1.0621451,3.399099111557007,0.014591653831303002,32.45753479003906,-4.400530338287353,discharge,1267
9,0.0036598113000000003,1.0621451,3.399799823760986,0.014591653831303002,32.4576301574707,-4.400539875030518,discharge,1267
9,0.0036598112999990003,1.0621451,3.400500535964966,0.014591653831303002,32.45772171020508,-4.40054988861084,discharge,1267
9,0.0036598113000000003,1.0621451,3.401201248168945,0.014591653831303002,32.45781326293945,-4.400559902191162,discharge,1267
9,0.0036598113000000003,1.0621451,3.401901960372925,0.014591653831303002,32.457908630371094,-4.400569915771484,discharge,1267
9,0.0036598113000000003,1.0621451,3.402602672576904,0.014591653831303002,32.45800018310547,-4.400579929351807,discharge,1267
9,0.0036598113000000003,1.0621451,3.403303384780884,0.014591653831303002,32.458091735839844,-4.400589942932129,discharge,1267
9,0.003591733640776,1.0621451,3.404004096984863,0.014591653831303002,32.45817565917969,-4.400602340698242,discharge,1267
9,0.0035186491053240004,1.0621451,3.404704809188842,0.014591653831303002,32.45825958251953,-4.400615215301514,discharge,1267
9,0.003445564569872,1.0621451,3.4054055213928223,0.014591653831303002,32.45833969116211,-4.400628089904785,discharge,1267
9,0.0033724800344200005,1.0621451,3.406105995178222,0.014591653831303002,32.45842361450195,-4.400640964508057,discharge,1267
9,0.0032993954989680003,1.0621451,3.406806707382202,0.014591653831303002,32.4585075378418,-4.400653839111328,discharge,1267
9,0.003226310963516,1.0621451,3.407507419586181,0.014591653831303002,32.458587646484375,-4.4006667137146,discharge,1267
9,0.0031532264280650004,1.0621451,3.408208131790161,0.014591653831303002,32.45867156982422,-4.400679588317871,discharge,1267
9,0.0030801418926130002,1.0621451,3.40890884399414,0.014591653831303002,32.45875549316406,-4.400692462921143,discharge,1267
9,0.003007057357161,1.0621451,3.40960955619812,0.014591653831303002,32.45883560180664,-4.400705337524414,discharge,1267
9,0.0029339728217090003,1.0621451,3.410310268402099,0.014591653831303002,32.458919525146484,-4.400718212127685,discharge,1267
9,0.002860888286257,1.0621451,3.411010980606079,0.014591653831303002,32.45900344848633,-4.400731086730957,discharge,1267
9,0.0027878037508050004,1.0621451,3.411711692810058,0.014591653831303002,32.459083557128906,-4.400743961334228,discharge,1267
9,0.002714719215353,1.0621451,3.412412405014038,0.014591653831303002,32.45916748046875,-4.4007568359375,discharge,1267
9,0.002641634679901,1.0621451,3.413113117218017,0.014591653831303002,32.459251403808594,-4.4007697105407715,discharge,1267
9,0.0026120916,1.0621451,3.413813829421997,0.014591653831303002,32.459327697753906,-4.400785446166992,discharge,1267
9,0.0026120916,1.0621451,3.414514541625976,0.014591653831303002,32.45940399169922,-4.400803565979004,discharge,1267
9,0.0026120916,1.0621451,3.415215253829956,0.014591653831303002,32.459476470947266,-4.400821208953857,discharge,1267
9,0.0026120916,1.0621451,3.415915966033935,0.014591653831303002,32.45955276489258,-4.400838851928711,discharge,1267
9,0.0026120916,1.0621451,3.416616678237915,0.014591653831303002,32.45962905883789,-4.4008564949035645,discharge,1267
9,0.0026120916,1.0621451,3.417317390441894,0.014591653831303002,32.4597053527832,-4.400874614715576,discharge,1267
9,0.0026120916,1.0621451,3.418018102645874,0.014591653831303002,32.45977783203125,-4.40089225769043,discharge,1267
9,0.0026120916,1.0621451,3.418718814849853,0.014591653831303002,32.45985412597656,-4.400909900665283,discharge,1267
9,0.0026120916,1.0621451,3.419419527053833,0.014591653831303002,32.459930419921875,-4.400928020477295,discharge,1267
9,0.0026120916,1.0621451,3.420120239257812,0.014591653831303002,32.46000671386719,-4.400945663452148,discharge,1267
9,0.0026120916,1.0621451,3.420820713043213,0.014591653831303002,32.460079193115234,-4.400963306427002,discharge,1267
9,0.0026120916,1.0621451,3.421521425247192,0.014591653831303002,32.46015548706055,-4.400981426239014,discharge,1267
9,0.0026120916,1.0621451,3.422222137451172,0.014591653831303002,32.46023178100586,-4.400999069213867,discharge,1267
9,0.0026120916,1.0621451,3.422922849655151,0.014591653831303002,32.460304260253906,-4.401016712188721,discharge,1267
9,0.0026120916,1.0621451,3.423623561859131,0.014591653831303002,32.46038055419922,-4.401034832000732,discharge,1267
9,0.0025575215939920002,1.0621451,3.42432427406311,0.014591653831303002,32.46044921875,-4.401033878326416,discharge,1267
9,0.002475829595422,1.0621451,3.42502498626709,0.014591653831303002,32.460514068603516,-4.401023387908935,discharge,1267
9,0.0023941375968530004,1.0621451,3.425725698471069,0.014591653831303002,32.4605827331543,-4.401013374328613,discharge,1267
9,0.002312445598283,1.0621451,3.426426410675049,0.014591653831303002,32.46064758300781,-4.401003360748291,discharge,1267
9,0.002230753599713,1.0621451,3.427127122879028,0.014591653831303002,32.46071243286133,-4.40099287033081,discharge,1267
9,0.0021490616011440003,1.0621451,3.427827835083008,0.014591653831303002,32.460777282714844,-4.400982856750488,discharge,1267
9,0.002067369602574,1.0621451,3.428528547286987,0.014591653831303002,32.46084213256836,-4.400972843170166,discharge,1267
9,0.001985677604004,1.0621451,3.429229259490967,0.014591653831303002,32.460906982421875,-4.400962352752685,discharge,1267
9,0.0019039856054340002,1.0621451,3.429929971694946,0.014591653831303002,32.460975646972656,-4.400952339172363,discharge,1267
9,0.001822293606865,1.0621451,3.4306306838989262,0.014591653831303002,32.46104049682617,-4.400942325592041,discharge,1267
9,0.0017406016082950001,1.0621451,3.4313313961029053,0.014591653831303002,32.46110534667969,-4.40093183517456,discharge,1267
9,0.0016589096097250002,1.0621451,3.432032108306884,0.014591653831303002,32.4611701965332,-4.400921821594238,discharge,1267
9,0.001577217611156,1.0621451,3.4327328205108643,0.014591653831303002,32.46123504638672,-4.400911808013916,discharge,1267
9,0.001495525612586,1.0621451,3.433433532714843,0.014591653831303002,32.461299896240234,-4.400901317596435,discharge,1267
9,0.0014138336140160001,1.0621451,3.4341342449188232,0.014591653831303002,32.461368560791016,-4.400891304016113,discharge,1267
9,0.0013837173000000001,1.0621451,3.434834718704223,0.014591653831303002,32.461570739746094,-4.400904178619385,discharge,1267
9,0.0013837173000000001,1.0621451,3.435535430908203,0.014591653831303002,32.46185302734375,-4.400929927825928,discharge,1267
9,0.0013837173000000001,1.0621451,3.436236143112182,0.014591653831303002,32.462135314941406,-4.400956153869629,discharge,1267
9,0.0013837173000000001,1.0621451,3.436936855316162,0.014591653831303002,32.46241760253906,-4.40098237991333,discharge,1267
9,0.0013837173000000001,1.0621451,3.437637567520141,0.014591653831303002,32.46269989013672,-4.401008605957031,discharge,1267
9,0.0013837173000000001,1.0621451,3.438338279724121,0.014591653831303002,32.462982177734375,-4.401034832000732,discharge,1267
9,0.0013837173000000001,1.0621451,3.4390389919281,0.014591653831303002,32.46326446533203,-4.401061058044434,discharge,1267
9,0.0013837173000000001,1.0621451,3.43973970413208,0.014591653831303002,32.46355056762695,-4.401086807250977,discharge,1267
9,0.0013837173000000001,1.0621451,3.440440416336059,0.014591653831303002,32.46383285522461,-4.401113033294678,discharge,1267
9,0.0013837173000000001,1.0621451,3.441141128540039,0.014591653831303002,32.464115142822266,-4.401139259338379,discharge,1267
9,0.0013837173000000001,1.0621451,3.441841840744018,0.014591653831303002,32.46439743041992,-4.40116548538208,discharge,1267
9,0.0013837173000000001,1.0621451,3.442542552947998,0.014591653831303002,32.46467971801758,-4.401191711425781,discharge,1267
9,0.0013837173000000001,1.0621451,3.443243265151977,0.014591653831303002,32.464962005615234,-4.401217937469482,discharge,1267
9,0.0013837173000000001,1.0621451,3.443943977355957,0.014591653831303002,32.46524429321289,-4.401243686676025,discharge,1267
9,0.0013837173000000001,1.0621451,3.444644689559936,0.014591653831303002,32.46552658081055,-4.401269912719727,discharge,1267
9,0.0013837173000000001,1.0621451,3.445345401763916,0.014591653831303002,32.46577835083008,-4.401297569274902,discharge,1267
9,0.0013837173000000001,1.0621451,3.446046113967895,0.014591653831303002,32.466026306152344,-4.401325225830078,discharge,1267
9,0.0013837173000000001,1.0621451,3.446746826171875,0.014591653831303002,32.46627426147461,-4.401352405548096,discharge,1267
9,0.0013837173000000001,1.0621451,3.447447538375854,0.014591653831303002,32.466522216796875,-4.4013800621032715,discharge,1267
9,0.0013837173000000001,1.0621451,3.448148250579834,0.014591653831303002,32.46677017211914,-4.401407718658447,discharge,1267
9,0.0013837173000000001,1.0621451,3.448848962783813,0.014591653831303002,32.467018127441406,-4.401435375213623,discharge,1267
9,0.0013837173000000001,1.0621451,3.449549436569214,0.014591653831303002,32.46726608276367,-4.401463031768799,discharge,1267
9,0.0013837173000000001,1.0621451,3.450250148773193,0.014591653831303002,32.46751403808594,-4.401490211486816,discharge,1267
9,0.0013837173000000001,1.0621451,3.450950860977173,0.014591653831303002,32.4677619934082,-4.401517868041992,discharge,1267
9,0.0013837173000000001,1.0621451,3.451651573181152,0.014591653831303002,32.4680061340332,-4.401545524597168,discharge,1267
9,0.0013837173000000001,1.0621451,3.452352285385132,0.014591653831303002,32.46825408935547,-4.401573181152344,discharge,1267
9,0.0013837173000000001,1.0621451,3.453052997589111,0.014591653831303002,32.468502044677734,-4.401600360870361,discharge,1267
9,0.0013837173000000001,1.0621451,3.453753709793091,0.014591653831303002,32.46875,-4.401628017425537,discharge,1267
9,0.0013837173000000001,1.0621451,3.45445442199707,0.014591653831303002,32.468997955322266,-4.401655673980713,discharge,1267
9,0.0013837173000000001,1.0621451,3.45515513420105,0.014591653831303002,32.46924591064453,-4.401683330535889,discharge,1267
9,0.0013220924552400002,1.0621451,3.455855846405029,0.014591653831303002,32.469478607177734,-4.401673316955566,discharge,1267
9,0.001229878203652,1.0621451,3.456556558609009,0.014591653831303002,32.46969985961914,-4.401645183563232,discharge,1267
9,0.001137663952064,1.0621451,3.4572572708129883,0.014591653831303002,32.46992111206055,-4.40161657333374,discharge,1267
9,0.001045449700476,1.0621451,3.457957983016967,0.014591653831303002,32.47014236450195,-4.401588439941406,discharge,1267
9,0.0009532354488880001,1.0621451,3.4586586952209473,0.014591653831303002,32.47036361694336,-4.401560306549072,discharge,1267
9,0.0008610211973,1.0621451,3.459359407424926,0.014591653831303002,32.470584869384766,-4.40153169631958,discharge,1267
9,0.000768806945713,1.0621451,3.4600601196289062,0.014591653831303002,32.47080612182617,-4.401503562927246,discharge,1267
9,0.000676592694125,1.0621451,3.460760831832885,0.014591653831303002,32.47102737426758,-4.401474952697754,discharge,1267
9,0.0005843784425370001,1.0621451,3.4614615440368652,0.014591653831303002,32.471248626708984,-4.40144681930542,discharge,1267
9,0.000492164190949,1.0621451,3.462162256240844,0.014591653831303002,32.47146987915039,-4.401418685913086,discharge,1267
9,0.00039994993936100004,1.0621451,3.462862968444824,0.014591653831303002,32.4716911315918,-4.401390075683594,discharge,1267
9,0.000307735687773,1.0621451,3.463563680648803,0.014591653831303002,32.4719123840332,-4.40136194229126,discharge,1267
9,0.000215521436186,1.0621451,3.464264154434204,0.014591653831303002,32.47213363647461,-4.401333332061768,discharge,1267
9,0.00012330718459800002,1.0621451,3.464964866638183,0.014591653831303002,32.472354888916016,-4.401305198669434,discharge,1267
9,6.301434000000001e-05,1.0621451,3.465665578842163,0.014591653831303002,32.472564697265625,-4.40129280090332,discharge,1267
9,6.301434000000001e-05,1.0621451,3.466366291046142,0.014591653831303002,32.47275924682617,-4.401310920715332,discharge,1267
9,6.301434000000001e-05,1.0621451,3.467067003250122,0.014591653831303002,32.47294998168945,-4.401329040527344,discharge,1267
9,6.301433999999999e-05,1.0621451,3.467767715454101,0.014591653831303002,32.473140716552734,-4.4013471603393555,discharge,1267
9,6.301434000000001e-05,1.0621451,3.468468427658081,0.014591653831303002,32.473331451416016,-4.401365280151367,discharge,1267
9,6.301434000000001e-05,1.0621451,3.46916913986206,0.014591653831303002,32.4735221862793,-4.401382923126221,discharge,1267
9,6.301434000000001e-05,1.0621451,3.46986985206604,0.014591653831303002,32.47371292114258,-4.401401042938232,discharge,1267
9,6.301433999999999e-05,1.0621451,3.470570564270019,0.014591653831303002,32.473907470703125,-4.401419162750244,discharge,1267
9,6.301434000000001e-05,1.0621451,3.471271276473999,0.014591653831303002,32.474098205566406,-4.401437282562256,discharge,1267
9,6.301433999999999e-05,1.0621451,3.471971988677978,0.014591653831303002,32.47428894042969,-4.401455402374268,discharge,1267
9,6.301434000000001e-05,1.0621451,3.472672700881958,0.014591653831303002,32.47447967529297,-4.401473522186279,discharge,1267
9,6.301434000000001e-05,1.0621451,3.473373413085937,0.014591653831303002,32.47467041015625,-4.401491641998291,discharge,1267
9,6.301434000000001e-05,1.0621451,3.474074125289917,0.014591653831303002,32.47486114501953,-4.401509284973144,discharge,1267
9,6.301434000000001e-05,1.0621451,3.474774837493896,0.014591653831303002,32.47505187988281,-4.401527404785156,discharge,1267
9,6.301433999999999e-05,1.0621451,3.475475549697876,0.014591653831303002,32.47524642944336,-4.401545524597168,discharge,1267
9,6.301434000000001e-05,1.0621451,3.476176261901855,0.014591653831303002,32.47542190551758,-4.400569915771484,discharge,1267
9,6.301434000000001e-05,1.0621451,3.476876974105835,0.014591653831303002,32.47557830810547,-4.397898197174072,discharge,1267
9,6.301434000000001e-05,1.0621451,3.477577686309814,0.014591653831303002,32.47573471069336,-4.395226001739502,discharge,1267
9,6.301434000000001e-05,1.0621451,3.478278160095215,0.014591653831303002,32.475887298583984,-4.39255428314209,discharge,1267
9,6.301433999999999e-05,1.0621451,3.478978872299194,0.014591653831303002,32.476043701171875,-4.389882087707519,discharge,1267
9,6.301434000000001e-05,1.0621451,3.479679584503174,0.014591653831303002,32.476200103759766,-4.387210369110107,discharge,1267
9,6.301434000000001e-05,1.0621451,3.480380296707153,0.014591653831303002,32.476356506347656,-4.384538173675537,discharge,1267
9,6.301434000000001e-05,1.0621451,3.481081008911133,0.014591653831303002,32.47650909423828,-4.381866455078125,discharge,1267
9,6.301433999999999e-05,1.0621451,3.481781721115112,0.014591653831303002,32.47666549682617,-4.379194259643555,discharge,1267
9,6.301434000000001e-05,1.0621451,3.482482433319092,0.014591653831303002,32.47682189941406,-4.376522064208984,discharge,1267
9,6.301434000000001e-05,1.0621451,3.483183145523071,0.014591653831303002,32.47697448730469,-4.373850345611572,discharge,1267
9,6.301434000000001e-05,1.0621451,3.4838838577270512,0.014591653831303002,32.47713088989258,-4.371178150177002,discharge,1267
9,6.301434000000001e-05,1.0621451,3.4845845699310303,0.014591653831303002,32.47728729248047,-4.36850643157959,discharge,1267
9,6.301434000000001e-05,1.0621451,3.485285282135009,0.014591653831303002,32.47744369506836,-4.365834236145019,discharge,1267
9,6.301434000000001e-05,1.0621451,3.4859859943389893,0.014591653831303002,32.477596282958984,-4.363162517547607,discharge,1267
9,6.301434000000001e-05,1.0621451,3.486686706542968,0.014591653831303002,32.477752685546875,-4.360490322113037,discharge,1267
9,6.301434000000001e-05,1.0621451,3.4873874187469482,0.014591653831303002,32.477909088134766,-4.357818603515625,discharge,1267
9,6.301434000000001e-05,1.0621451,3.488088130950927,0.014591653831303002,32.47807312011719,-4.354969501495361,discharge,1267
9,6.301434000000001e-05,1.0621451,3.4887888431549072,0.014591653831303002,32.47823715209961,-4.352110862731934,discharge,1267
9,6.301434000000001e-05,1.0621451,3.489489555358886,0.014591653831303002,32.47840118408203,-4.349252700805664,discharge,1267
9,6.301434000000001e-05,1.0621451,3.490190267562866,0.014591653831303002,32.47856903076172,-4.346394538879394,discharge,1267
9,6.301434000000001e-05,1.0621451,3.490890979766845,0.014591653831303002,32.47873306274414,-4.343536376953125,discharge,1267
9,6.301434000000001e-05,1.0621451,3.491591691970825,0.014591653831303002,32.47889709472656,-4.340677738189697,discharge,1267
9,6.301434000000001e-05,1.0621451,3.492292404174804,0.014591653831303002,32.479061126708984,-4.337819576263428,discharge,1267
9,6.301434000000001e-05,1.0621451,3.492992877960205,0.014591653831303002,32.47922897338867,-4.334961414337158,discharge,1267
9,6.301434000000001e-05,1.0621451,3.493693590164184,0.014591653831303002,32.479393005371094,-4.332103252410889,discharge,1267
9,6.301434000000001e-05,1.0621451,3.494394302368164,0.014591653831303002,32.479557037353516,-4.329244613647461,discharge,1267
9,6.301434000000001e-05,1.0621451,3.495095014572143,0.014591653831303002,32.47972106933594,-4.326386451721191,discharge,1267
9,6.301434000000001e-05,1.0621451,3.495795726776123,0.014591653831303002,32.479888916015625,-4.323528289794922,discharge,1267
9,6.301434000000001e-05,1.0621451,3.496496438980102,0.014591653831303002,32.48005294799805,-4.320670127868652,discharge,1267
9,6.301434000000001e-05,1.0621451,3.497197151184082,0.014591653831303002,32.48021697998047,-4.317811489105225,discharge,1267
9,6.301434000000001e-05,1.0621451,3.497897863388061,0.014591653831303002,32.48038101196289,-4.314953327178955,discharge,1267
9,6.301434000000001e-05,1.0621451,3.498598575592041,0.014591653831303002,32.48047637939453,-4.298614978790283,discharge,1267
9,6.301434000000001e-05,1.0621451,3.49929928779602,0.014591653831303002,32.48051834106445,-4.272006034851074,discharge,1267
9,6.301434000000001e-05,1.0621451,3.5,0.014591653831303002,32.480560302734375,-4.245397567749023,discharge,1267
